100
6 0000001
2 001
4 30011
6 0006201
5 204061
2 201
6 1293715
6 0000021
6 0066271
4 11111
6 0000001
2 301
4 11111
6 2220021
6 2000001
6 0000001
6 1400081
1 97
6 1210101
6 0000001
6 5000021
1 12
2 001
5 186311
6 0400051
6 3500001
2 404
2 021
0 1
6 7000001
0 2
6 0000001
1 87
4 00001
6 2122001
6 6003001
6 2201122
2 122
6 4000712
6 2000901
6 0000851
6 1300301
6 1608701
6 4709492
6 0000001
6 3970968
6 1111111
1 11
6 0009001
6 2890508
6 6100001
0 1
0 1
6 1499336
0 1
3 1101
5 110011
6 0001011
6 0121101
1 29
3 0003
6 3001701
3 0061
6 0121012
2 001
1 09
6 0000431
3 9533
2 801
6 0000003
5 651421
6 9000807
6 1211121
5 960001
1 21
5 100001
3 2211
5 201001
4 04001
6 5048072
6 5249431
3 0001
6 0000001
6 1600021
6 0300031
6 0000001
4 80767
4 20202
1 73
6 0090071
6 1220222
6 8000001
5 000021
6 0020021
6 5405108
2 001
6 7718508
6 4212186
6 9999999
0 1
