1000
20 7
00100000111111101010
17 1
00100110101011101
18 2
110111010011111100
11 3
00000000101
10 1
0110110000
10 6
1001011000
18 17
111000101011000111
15 12
001011101000100
7 6
1111111
14 5
10100000100101
5 4
01011
9 2
010000101
12 4
101100001101
15 13
110110101101100
5 4
00110
5 1
11110
11 1
00000011011
18 6
000101011001000100
7 1
1110001
15 2
111100110001110
5 4
11010
16 1
0110010110100110
5 1
01001
11 4
10111101111
5 1
10010
12 1
010111110001
8 4
10001000
10 1
1010010110
9 8
110100001
14 10
10110000001101
10 8
1101001001
5 2
11110
19 9
1110111100000010100
5 1
11001
19 10
0010110000100110001
10 1
1000101011
15 9
100111011101000
18 8
111100000011111000
11 5
01010100111
5 3
11010
9 5
111000101
9 7
010001100
9 6
011111001
11 1
01111111001
20 2
00001101111110101001
19 16
1110001100111010010
5 2
01011
10 5
0011000101
5 3
10001
5 2
11100
20 10
11011010001101011110
18 3
101111101011111001
19 8
0010100011011101011
12 8
011100001111
19 8
1001011100010111010
19 10
0011000101111101110
18 3
011111100001000001
12 10
001011010110
19 11
1100100111110010011
14 4
00001101001110
15 11
000000011101111
7 6
0001100
5 2
10101
18 4
011100000011010110
12 1
001000111010
5 1
11100
9 5
010010100
7 4
1111100
6 2
111101
14 1
00100001111100
15 8
100110101100001
16 6
1111101010011000
6 3
010110
12 4
001100010101
5 2
10110
10 1
0000111000
6 1
000100
5 1
00101
5 4
00010
6 3
010010
10 6
0100001110
8 7
00000100
5 1
11010
5 3
10100
18 5
010001011010000001
7 6
1111100
12 5
010101101011
11 3
01010001111
5 4
11000
13 2
1010000001001
19 7
1111110011001010111
15 2
001000001000110
13 12
0100010111110
12 11
010010001010
5 4
00010
5 1
00101
14 8
01110101010000
10 2
0010011101
9 1
101010110
13 3
0101011110010
9 5
011111100
14 10
10110001011111
9 5
000001001
11 8
01000000101
20 5
01100001101011110010
16 1
0010010110000100
14 12
10100111111000
10 1
0110001100
16 1
0111100101000111
19 14
1001011111010000010
8 7
10000101
5 1
10001
14 5
00110001010001
5 4
00001
13 12
1001011011100
12 2
101011110011
5 1
10011
17 2
11100100011100110
19 8
1111000110011001111
5 3
00011
9 8
110111001
6 4
100011
5 1
11011
16 14
0110001000110111
18 17
100101111001001001
13 1
1010100001111
8 4
11110011
5 4
01101
6 1
011011
11 2
10110100001
5 1
10010
16 1
1011000001001101
9 1
111100111
5 1
10101
12 7
011110100010
17 10
00111110111110111
12 1
111010001100
5 1
10101
19 16
1111110110010011101
5 2
01010
16 10
0010000001000110
5 2
01101
5 1
01011
5 1
10101
9 5
000100011
19 7
1011111101111011000
5 3
10010
11 4
01001010001
11 5
01110100110
11 9
11100111111
5 1
10110
18 12
010011001110111111
12 9
011001111010
12 6
011000100110
10 1
0110001110
17 4
01111000100011010
12 1
101100111101
10 7
0111101011
9 3
011001001
12 1
000111011111
10 5
0111001111
5 1
00011
11 1
11011010110
15 7
100001001001101
16 3
0000111111011011
12 6
101000101101
16 12
1101101010111101
9 8
011110101
12 7
100101001010
6 4
011010
18 11
000111110100111001
5 4
01001
13 8
0101101011110
19 16
0111001000010101000
12 11
001111000000
12 5
001100111101
16 3
0011000011010011
15 9
101110010110011
8 7
01010111
17 3
11101110011111110
10 8
0010100100
5 3
11011
15 6
000001110001110
7 3
1101011
5 3
01001
5 4
01111
18 5
010111101011010010
20 4
01010100110101001011
5 1
00101
5 1
00001
18 16
111110001100100100
15 13
010111010110110
14 9
00110000101101
7 1
0101010
9 3
011110110
5 1
01001
5 3
10011
14 2
10010010101110
5 1
10001
12 4
111001101011
16 1
1011011110110011
6 4
100001
16 14
0010101100110111
9 5
000111000
5 1
01010
20 9
01100000100010000011
18 1
100100010001101100
9 8
001010111
13 6
1010111000110
10 1
1010101010
13 7
1101100111110
15 13
001010101011001
20 14
10111010001001011110
19 12
0110000010110100001
5 4
00011
10 7
1011000100
17 1
00010100010111111
19 15
0110000101000110101
10 3
1110011011
7 6
1101011
8 5
11011100
5 1
10011
12 9
001110111110
18 12
100100011000011111
17 4
00100101000001011
12 11
110011011000
7 5
0111011
5 1
01111
10 3
1011101001
8 1
11110010
5 1
01010
13 3
0101000110111
13 11
0110101000101
14 3
00111000000010
14 1
11011110011110
6 4
110011
11 2
00001100001
5 4
10000
8 5
11001100
11 8
01111010110
8 1
01110111
5 1
01001
5 3
11001
7 1
1000011
5 4
11100
15 1
110001101000001
5 1
01111
5 3
11101
5 4
01010
10 6
0110110011
15 14
011100101010011
7 1
1111010
6 1
110111
10 8
1010001010
19 5
1001110000110110111
15 13
110111000110111
12 7
111100000001
14 10
10010010110011
5 1
01011
14 8
11011000001000
13 7
1100011011011
18 11
110110000101100101
8 7
11100011
15 3
000101010011011
13 8
0101011001010
20 7
00010010111001010011
8 4
11101101
8 1
00111000
5 4
11001
18 14
100001001100101111
15 13
000011001000000
9 5
010111010
13 1
1111110001101
6 1
001101
14 5
00111011010010
15 8
001110011101001
5 4
11001
13 11
0001010111100
17 1
00011111001100001
19 8
0000011010001100110
17 12
10110011001010000
17 6
10111101001101011
19 14
1011001100010100010
13 12
1011001100010
9 1
000001000
11 10
01000101010
16 8
1010101100001011
5 1
00101
15 4
001001100010000
13 9
0101110001011
5 2
11111
19 18
0110100110001001011
14 5
11000011111110
11 9
01101101101
5 2
01100
9 7
100110000
5 2
00011
7 5
0100000
15 11
000001101111110
15 6
100110010010110
5 1
10101
7 3
0011100
20 10
00001001010010000000
8 6
00011000
19 6
0011001011101001111
16 1
1100111011100111
17 3
10001110000010100
18 14
000010000011111100
13 1
0101110100111
9 7
000011111
17 9
01110110110010000
16 1
0100110111111111
9 7
100001000
11 1
11010100010
13 4
1000111101010
19 5
1011000010110101110
11 9
00000100000
8 6
00110100
19 5
0000110101100011010
15 13
111101111000111
15 13
101101111111000
6 4
100001
16 8
1000010110100101
18 14
010010011110110000
18 10
110100010001100000
15 12
001011110111111
11 10
01101100110
11 1
11110000001
5 1
00001
5 3
11111
5 2
11110
15 10
100110110110111
18 1
111110100110110110
15 4
110101010011000
19 3
0111001010111000001
5 3
01100
10 3
0001000101
7 6
0001111
17 2
10000011010011001
5 1
10001
17 11
01000010110011111
17 12
11110100100000110
5 3
00110
15 2
001000100001010
6 5
100101
9 4
111110101
14 10
01001010110000
17 12
10011110001010000
20 14
00111011111011100100
19 9
1111000010000001101
5 3
00110
15 8
011001100010111
11 7
10001111011
15 14
001000001100001
16 2
0110101110010010
15 6
000111001101011
5 1
00100
16 7
1000100110011000
20 5
10001001101000110111
17 14
11110100101110010
5 4
11010
16 5
1010001111110111
10 6
0000011011
18 8
101101000010100001
11 1
01111010010
8 6
10011000
17 5
01011101011011101
15 14
011110001011011
19 5
0010001110001010100
5 4
11110
18 1
011100100001101110
14 4
10101111111111
13 10
1001000011011
5 1
11111
20 5
01011101101100010100
5 1
01000
10 4
0111001000
5 1
01001
9 4
000000010
7 5
1010010
5 1
11000
8 5
01000111
14 6
01000110000111
5 1
00001
6 4
011101
5 4
00000
6 1
111111
20 19
10000100000001111111
12 7
010000111010
7 6
0010111
5 1
01101
6 3
000010
17 9
10101000110001101
5 3
11110
15 2
100101110001110
9 2
001000101
11 4
10111101000
16 7
1101010000011011
11 8
10010011110
5 1
00100
11 6
00110111010
20 15
00010110100010111000
14 13
00010101100011
19 13
1000100001011101110
8 3
10100011
7 4
1000001
15 14
110100011110001
9 5
111110111
5 4
00100
8 3
10111011
5 1
01010
19 14
0001111101000001000
9 4
011111010
5 2
00000
5 3
01111
19 1
0110100010111001000
5 3
10111
12 2
010101111111
18 3
010000101001001011
5 2
11111
18 2
010001011100101000
9 4
011111110
5 4
01010
5 2
11101
17 7
00001011101110110
13 5
0100111111111
11 5
00001101101
16 1
0000001111011110
10 5
1000111101
18 14
111001101110001111
5 4
11000
5 2
00010
5 1
11010
18 6
111110010011110011
6 4
000010
11 7
01111010001
15 1
100011000110000
15 10
011011001001000
19 3
1011001010110101000
17 1
01001000111011001
7 4
0010110
6 2
110110
15 1
101010111110111
5 2
00011
12 11
101111000101
17 10
01001000110001010
14 13
10001011110111
5 1
01001
20 5
10010001101100100011
5 2
11110
8 3
11111101
5 3
00011
15 10
100010010000000
11 1
00101100101
6 4
001100
15 9
011111101101100
8 4
10011011
13 1
1010000111001
13 2
1001100110101
5 1
00001
5 1
10101
20 9
01111001111110100111
5 4
00111
20 12
00100011010000100100
10 6
0100011010
5 3
11110
9 8
100111010
15 5
101100101111001
7 2
0101000
5 3
11100
15 10
110010010000011
5 3
11100
5 1
10000
15 10
111011011011000
5 1
01010
5 1
00111
5 1
11000
5 3
00101
10 2
0000011111
20 15
10100100011000010111
14 4
01101010100111
17 12
11010001010011011
8 7
01101111
19 13
0110101110111011001
5 1
11110
11 7
10001001100
19 5
0110010100100001001
5 3
11110
5 1
00001
5 2
01110
16 10
0100010001010110
12 2
100010110010
6 3
011100
10 6
0111010100
10 3
0011111001
5 1
01001
5 3
00000
7 4
0001001
12 8
000000000111
6 1
011100
8 2
01001100
18 3
110011101100110101
5 1
10110
15 1
101001111010100
9 6
001100110
13 8
1111011010001
13 2
1111011101011
7 1
0000010
20 15
00101100000110101010
14 5
10001110110110
16 5
1101111011100110
6 1
111100
10 1
1011011101
12 1
110100101001
5 3
11001
7 1
1001011
20 6
00110110101110110100
8 6
11100100
7 1
1101010
9 1
011101011
7 6
1011110
5 1
11100
7 5
0001001
5 1
11011
5 1
01011
5 2
11000
11 7
01010110111
7 3
1101110
16 5
1100110001101010
5 1
00001
17 10
10010000011011110
7 1
0001110
7 1
0010111
11 6
00101111010
10 6
1001011011
5 1
10111
8 4
11100110
16 10
0110001100101101
5 1
01111
11 6
10100110000
20 13
01011110000110111101
5 3
11100
5 4
00110
13 1
0011111101011
7 4
1101111
20 15
10110100100110011111
20 10
00101011110110001010
10 7
0110011011
12 4
010010011110
13 11
0001010111101
7 3
0000011
18 5
100000011010011000
19 10
1011110111101101001
11 1
00000001110
14 12
10010000110010
13 1
1100101111000
12 10
000000011010
5 4
00010
11 6
01001000011
20 2
10100110000111011001
5 3
01001
7 5
0011110
5 2
11101
6 1
110101
12 5
001101000111
6 3
000110
20 6
01111000000011110010
11 2
11101101010
18 1
010011111101010000
5 3
01010
5 1
00111
20 3
00101001110111010111
11 9
11001101110
11 5
01010010110
15 1
100000100101010
10 1
1010010101
5 2
00101
7 6
1001001
7 4
0001101
13 10
1011101111111
9 3
001110000
5 1
00101
13 2
0110001011110
14 11
11010010001110
16 2
1111101011011010
5 2
10001
11 2
00100010110
11 7
11110011100
9 4
010001011
5 3
10110
8 7
00011101
20 7
00010100101000100110
7 4
0001101
18 1
111101010001011110
5 1
10000
6 1
000001
13 7
0011101100001
20 1
10101100000011011010
5 3
00010
5 4
10010
5 2
01100
14 11
11010011101100
15 2
111000000011010
5 1
01011
14 8
01001111100011
16 1
0100111010011001
19 1
0000011000000100011
6 5
010101
10 8
0001001100
5 4
11001
6 4
101011
18 7
110111111100010001
19 4
0011101011110111110
12 10
010111110000
14 3
00101001101100
5 1
01001
5 2
00110
5 1
10011
5 1
01101
5 1
01101
17 10
01011000111011010
9 1
000111001
5 4
00100
6 1
001000
5 3
11111
16 13
1000111010100111
15 11
111000011101010
8 2
01100000
19 9
1110001001100000000
6 1
010011
8 6
11010110
15 12
101001011101110
13 2
1000100110111
5 2
10010
5 1
10010
15 5
111111101101111
17 1
11100100001011010
15 4
100010001110110
9 1
110100111
8 3
10100001
8 7
01100100
17 14
00000111100010110
18 4
111101111010111110
6 2
001100
5 2
10101
5 2
10111
8 1
01100111
5 4
10000
20 8
01011000101010011111
5 1
10001
5 2
00010
6 2
000000
11 5
01100000000
18 13
111100010000011111
8 7
01011000
9 5
111000011
15 11
110111101101001
19 6
0000011100010011111
11 8
01010011100
17 1
11000011001011101
20 10
01001110001101111000
7 3
0001111
6 2
100100
16 15
0101001101100101
6 5
101100
5 1
11111
11 7
10010010110
16 1
0010010110011000
5 2
10100
5 4
11000
5 3
00101
7 1
0000000
17 15
10010111111000000
5 1
00101
9 8
101111101
16 8
1110110101000111
5 1
10010
12 11
101001011101
17 5
11101111100101010
5 4
00000
12 3
111110010100
5 2
01100
5 1
10110
7 2
1100000
10 9
1100011100
11 2
10101100010
20 7
11110000111110011010
6 1
111111
8 4
10001101
5 2
10011
5 4
10110
5 3
00001
5 1
01111
14 13
01001110110101
6 2
011001
14 1
00001011001010
20 12
00101001110010100101
12 11
000001000001
13 6
1100000111100
5 4
11111
6 1
001101
5 2
11001
5 3
11111
10 5
0001101100
8 3
11001010
5 3
00011
7 1
0000010
7 2
0110100
5 4
01011
8 4
00001110
5 1
01010
7 6
0010101
10 7
1001101111
5 1
01100
10 1
0100100001
9 1
101011010
5 2
00111
5 2
00111
9 4
110011010
20 15
01000010010000110110
15 4
010010101011000
13 3
1110001000111
9 6
101100001
5 4
01011
5 2
00110
5 1
01011
17 9
11111011100001010
14 2
01100001101110
9 1
100101010
12 7
100111111111
17 11
11101001011110111
5 4
11001
5 1
11001
18 14
111111010111011000
5 3
01111
18 17
110000000110110010
11 1
00110001100
5 1
00100
12 5
110000011010
10 3
0010011111
5 4
11101
20 5
11100010010100110011
20 6
01100000111011101011
5 3
00010
12 10
110101011010
5 3
01011
14 13
00110000100010
14 1
00111010111110
8 5
10101100
5 1
10001
6 5
110110
13 9
0011110001001
5 1
10110
14 2
11010011010111
5 2
00110
12 9
100111101110
5 1
11000
5 3
10011
5 1
00111
17 1
10000000101010000
16 3
0100101010101100
12 10
101000100011
5 3
00111
5 4
11100
5 4
01101
8 2
01010001
8 4
10011110
8 1
11011111
12 5
010110000101
13 2
0001111110010
13 10
0100111110001
5 1
01111
11 8
01010111111
5 3
00011
9 8
110111100
13 12
0000011011011
19 3
0001101101010110011
5 3
00110
9 2
100001111
10 2
1100011011
8 2
10000111
14 4
10000010110010
9 6
000010100
6 2
110111
20 3
11010010111111111000
6 3
010100
5 4
01110
5 2
10110
13 4
0011110010001
14 1
11101000110100
5 3
01010
5 2
00011
17 1
10100001010100001
13 5
1000101011011
18 10
000000110000101001
5 1
11101
19 13
0010101101101101000
6 2
000010
12 3
011111111000
5 1
10110
5 1
01000
16 7
1011110101101100
5 2
00000
5 1
11101
5 1
01010
7 3
1101000
11 3
10100000110
18 1
110001111000100001
7 1
0111100
18 8
111101011001111010
5 2
10110
5 3
11111
12 3
001000010100
15 6
111100010011011
17 5
11011001011100010
5 3
01101
19 17
1010011111000111110
6 4
001001
5 4
01110
18 17
011010000110100010
20 15
00110111010111000110
5 1
10001
5 2
01110
5 3
11010
19 1
0111110010101101111
9 5
100000011
5 3
00011
5 2
01011
5 1
11100
20 18
01010111011100100001
9 4
000001001
11 1
11111100011
8 1
11010000
13 7
1000100011001
8 4
10001111
15 10
000101001101100
5 1
10000
12 3
001000000010
13 11
0110001010001
8 5
00011110
6 4
000001
9 7
110001010
5 2
10111
7 2
0110001
5 4
01000
7 6
0010000
20 1
11001000101000111101
16 12
0101110011001101
5 3
10101
9 6
001000111
17 11
10110101100101101
17 15
10011100010001011
5 2
00100
19 3
1101011010110101100
5 3
11000
20 10
00010100110111010111
5 1
10111
5 3
01101
19 1
1100100010110110111
12 4
010101110111
5 1
10000
5 1
01110
11 2
10001010010
5 4
10000
16 8
1001010001110111
20 16
00111100011110100110
5 1
11010
19 1
1110110011011101101
5 3
11000
11 9
11110100010
5 2
00000
5 3
10100
5 4
10000
5 3
10011
19 7
0111001111101000011
15 6
110000110000000
17 15
11100000011101111
12 11
001001011011
16 11
0001010111110110
15 11
000011010101001
18 9
101101001110001011
16 4
1100011110011011
5 3
00111
5 1
10111
11 1
00101100001
9 5
110100101
5 1
00111
5 2
01001
6 1
100000
5 3
11010
5 1
11000
15 14
010001010001101
7 1
1000011
17 12
01001111110010100
5 3
10000
20 1
00100100000010001100
5 2
10110
17 10
00110101000111001
5 1
01110
5 1
11111
19 18
0011100101111110101
5 4
01111
15 3
000110010011101
5 1
10010
19 18
0101000100001010001
13 4
1000110111010
5 1
10101
14 1
10001001000001
10 7
0110001100
15 10
110000001001100
12 8
111101100100
16 1
0000100100111001
5 4
01001
7 1
1100001
15 5
011000111001010
5 1
01101
5 1
00010
12 7
000011101010
12 3
111010000110
9 1
110000111
5 4
00000
17 5
10000101010010110
18 4
101010011011110001
14 2
10101100000111
14 6
11010100001101
10 5
0000101100
5 4
11011
5 1
00101
5 3
10001
5 2
01111
17 11
10001001001111000
16 7
0001111111001101
13 6
0001111011001
5 2
00001
9 2
111010011
18 12
100010111001010000
16 3
0111111011000101
5 1
00100
9 3
100001110
5 4
01000
5 1
10010
5 1
11111
17 6
01100010110000011
18 5
001101001111111011
5 3
10100
5 1
01110
20 12
01001101001100000000
5 1
00001
7 2
1000101
14 1
10011001011111
14 3
10001100001011
16 9
0010011101101001
5 1
11011
15 7
110111110101110
5 1
11000
13 11
0000111000101
7 6
1010100
18 16
110111111100101011
8 6
00101101
19 15
0000000101011001101
10 3
1001100010
19 10
1100000101011101110
5 1
00011
5 2
00100
13 7
0010110010111
5 1
00001
9 8
101000011
19 6
1011001010000011011
18 16
110101101000000001
5 4
11011
11 3
00101110010
16 10
1000110110000010
5 1
11111
16 8
1001110010000100
20 5
01101010011001111100
5 1
00011
15 9
100000000100110
11 8
01101101111
17 1
01001000100110010
5 2
00111
5 4
11001
5 4
10000
5 2
10101
13 5
1011101000101
19 14
1001001010001011110
5 1
10011
13 1
0110011100111
16 14
0110101010011010
13 1
1110000101100
13 10
0100000110111
19 10
1101000010011011101
6 3
101101
6 3
001101
10 4
1111111101
14 9
01110100110010
5 1
00101
17 1
10100010100010110
14 7
01000010001000
5 3
01101
5 1
11010
