100
4 2
5 2
6 2
1000 1000
1000 1
752276 589396
874994 844870
757162 683768
1000000 1000000
500000 262143
1 1
999999 499999
500000 128
1000000 499998
500000 207240
870651 684184
1000000 475712
495501 444638
534104 483644
500000 249998
1000000 262144
758820 586714
598153 559104
999999 475712
999999 475711
314780 247269
648105 567732
500000 2
1000000 1
999999 499997
999999 499998
1000000 999999
500000 237857
321498 302087
500000 131072
360803 291725
719755 617712
500000 237856
500000 1
300143 271366
500000 249999
548310 480032
1000000 501050
703586 551776
4 1
1000000 500000
380163 367573
999999 524287
2 2
999999 128
944408 898227
999999 999999
651982 566140
1000000 475713
999999 1
999999 471204
745339 591498
1000000 2
3 2
1000000 128
622941 553184
500000 127
999999 2
999999 524288
456391 450235
353547 323739
1000000 262143
551294 478101
1000000 127
432083 361569
924495 696050
1000000 524287
820056 759984
500000 250000
1000000 297358
670409 586450
500000 500000
444367 413526
1000000 499999
500000 238635
1000000 524288
999999 262143
861945 823501
500000 131071
425003 368167
500000 262144
942382 742663
999999 496148
956987 860131
3 1
999999 262144
999999 127
465486 385984
5 1
745041 572295
999999 999998
330554 310271
782463 745891
2 1
500000 499999
