1
32931 
42
34416 9873 32762 23842 43611 338 12599 33442 30095 6781 20927 19397 14811 1789 2160 24806 7985 4015 38827 17214 11084 22155 12188 20342 32547 35338 6654 49220 15861 48452 20655 49479 27595 35377 46692 8957 19461 19295 10763 26881 21008 37938 
17
11491 24408 23413 28459 21927 36427 9541 17715 36237 28746 19415 40000 25846 26088 26221 847 7319 
48
8776 6013 44129 43804 47872 37897 37312 47004 10130 38113 29553 41832 40384 37793 16323 16269 38066 29754 26674 31477 41795 49992 35077 6992 23980 27662 41344 42819 5364 42575 22204 46330 451 27537 260 18270 24296 11023 36833 6656 22877 44910 22105 15636 21409 39728 47334 28645 
8
44730 9615 22309 16467 30327 15600 25028 31062 
26
5087 38835 24691 9500 3983 21441 49655 16515 13736 25414 47393 6324 760 35048 6463 45466 37031 44208 5375 6296 4172 22238 1802 39542 4646 11644 
18
29843 47842 7776 40007 4912 20092 19030 35025 23216 15979 21008 46453 17485 11740 44876 27654 24677 36139 
22
47692 16417 39973 7184 28559 4621 44078 30139 49824 25591 46790 10278 46113 15332 22559 10167 48130 25146 14175 3814 42460 34071 
15
49909 32866 6069 6308 47345 27356 37364 8510 17903 31214 36539 39206 36149 47482 17584 
17
20912 6029 41512 9238 30921 21155 8355 26935 5042 20726 11505 43299 39293 14686 46184 14656 24372 
8
30836 29498 15247 28704 7469 20648 9271 3596 
15
41926 45195 31728 33036 8729 20321 35221 6998 7020 9476 38251 44493 8465 38931 33079 
34
17224 27784 6802 8041 32884 42902 34379 33338 7951 23075 36047 15295 19441 21884 31876 43037 13929 48844 36494 38481 22425 17135 46536 19276 38211 953 12263 34223 7405 20909 41691 16577 4860 396 
30
1676 14950 3526 27751 18578 6009 17295 45268 17816 23639 11404 9447 49232 10081 4356 10423 1432 43515 19936 48098 1822 41048 43906 32442 3986 29046 15539 8751 3511 34991 
42
12722 41283 38069 2434 30886 12897 11841 44946 44495 35315 11072 18202 46462 17012 41231 43947 21519 5365 36894 40673 17883 34710 3806 33147 762 19445 15959 29141 10291 23198 12787 21509 46143 21765 43918 21677 3916 15189 667 546 22499 49278 
30
10515 2716 28760 48988 26640 3098 40513 31938 15964 29985 29000 18611 3824 34584 5086 13111 20529 42494 47548 17465 39 37635 13734 41962 9978 29674 30538 40721 35655 7213 
49
14077 49797 2651 29456 27409 39716 378 21120 37533 4256 23286 13163 14924 11751 13017 35976 46560 16161 12540 14807 36903 32580 49644 15350 5986 22777 28261 47397 12491 4117 36761 46415 13542 38000 47439 156 11940 38932 37953 46812 13285 43117 37431 49398 25284 16039 6297 5727 37508 
49
24215 49939 49365 45246 49577 10518 11606 35023 26439 42237 41217 19949 35867 37884 26836 26718 37113 41377 573 20827 18615 28451 30657 19313 36949 46036 38341 49416 18235 30303 9709 28069 13978 41823 44873 4166 37304 48012 23520 36470 38211 40027 47258 27638 21298 1769 17544 1375 28571 
35
11639 27968 38976 41728 18933 41537 15666 47081 11272 34436 13490 11475 46859 23748 30416 43419 34526 332 40166 46736 27749 46508 2348 11480 37202 5920 14273 1114 38155 44909 4459 34239 46349 48730 1245 
24
35232 24795 31902 15411 28067 49665 10088 9741 22430 23652 15495 48289 30179 33993 49340 15161 492 8086 31553 17886 39422 31088 34357 33955 
19
4485 19391 47408 40933 42672 17464 28633 4414 32083 36220 26064 18600 14894 21188 37150 10440 16251 37793 21274 
46
44768 43539 38277 10704 9172 34067 15769 9155 30309 2777 5455 46097 10181 13436 25024 23356 13357 35138 31524 19662 21624 47435 27507 36334 45110 10859 13289 23721 21368 6420 35500 35327 11261 36308 19849 27495 37706 7337 22037 1284 45195 2122 48864 14444 5421 45272 
41
17507 45280 49514 7119 2063 23450 12241 31655 47002 32705 31578 40133 4259 109 41874 32900 23495 8455 43678 34845 42635 48582 7110 1531 39552 44236 32585 49482 19803 20449 28331 20258 17422 21673 45575 46522 14525 43130 33600 37096 7124 
37
6308 24559 9700 14946 8742 43542 3223 25591 14594 28882 25288 8376 19560 46705 41601 25571 10631 47771 43398 30973 41059 18840 5856 32600 48683 39802 47277 31567 42621 11508 10989 31463 10994 7368 7810 12113 2697 
45
38111 30094 25738 24541 4147 9210 11930 19097 41987 22879 44592 819 44286 17645 11923 21011 26871 31474 25190 20234 36621 44178 45871 37439 14249 29890 41499 16895 9421 24092 12261 29980 32345 4327 48756 31780 46616 49979 47437 12102 32235 37655 24558 29800 3331 
1
34720 
20
2395 7996 17686 4064 16948 35819 35108 35514 13087 2971 38886 41021 10390 22953 45790 31183 42093 47390 26320 10770 
13
2331 36397 38701 30306 14849 26440 2299 39215 28279 39811 12978 14198 3201 
46
21088 41071 690 33143 44680 13586 31072 26166 35597 30627 39390 29730 12801 45738 12715 28549 14069 25159 2669 26515 26414 21712 34402 9819 30191 30183 49 48864 4988 19117 42109 19810 40823 27570 3800 31430 5074 27874 6283 46852 11672 39384 27035 517 33062 30347 
38
355 36518 19746 5374 21991 30504 29711 611 38537 4022 2479 4509 31215 47548 8209 29030 4528 8451 6342 14378 35500 20898 22459 10114 18861 24565 49885 4601 20210 36532 38641 6430 28669 45532 47727 13198 45891 17698 
31
13813 14962 17476 19743 21533 47721 30824 42741 7198 4459 37911 23497 18194 47337 41382 7787 8731 19609 6402 28140 6089 20445 88 1549 24222 9837 47273 22136 5696 39606 11391 
50
44620 14197 5816 27695 20909 10954 25766 39693 8277 138 22394 2884 29367 16136 19969 39224 39010 34228 27236 21525 39894 2196 30622 6606 42070 24430 9942 47381 39688 3844 10217 29497 49366 13387 9415 42657 34420 28515 11628 36111 12580 23977 2752 32034 34545 4097 23197 21780 34381 44381 
11
5414 3702 27008 37820 12559 38268 20581 46649 1766 10665 13775 
1
6179 
27
49597 21642 46572 48846 5489 46796 12069 21217 42305 11022 37256 15534 42378 47624 46363 16842 9656 43279 30669 48034 25974 28993 17881 46939 35400 40233 35771 
31
18180 36753 22901 9897 29595 2550 20105 38000 8361 44709 29787 11311 11221 37426 2503 46198 1469 40937 29049 18760 5250 36087 36734 15085 13848 27507 2953 34193 39834 4731 23926 
21
40386 40608 7432 29120 23095 2782 11899 12043 35642 20693 34989 46430 18129 22817 28073 2489 33578 32800 4599 8062 19872 
30
23342 7159 36595 39107 18873 26097 38091 48540 17975 18688 16652 13318 34426 34051 33246 2453 15493 45393 6714 42074 11109 44618 38334 43144 17549 35441 36794 33406 5574 3787 
12
29548 12494 26683 12050 3928 9399 44657 20919 5897 9648 38750 47335 
33
15305 9027 7649 36142 42226 13102 5290 25384 15561 156 46561 29343 22280 48388 4092 28815 26385 21381 42293 11705 23494 47554 39532 17881 41351 2682 6152 45166 34315 31088 22898 45659 29131 
3
6804 24207 12737 
47
44472 24523 20135 33939 40813 37349 13987 44618 39427 11184 41884 21957 21145 28566 48460 47652 14136 32192 11731 49428 3531 11515 18077 9377 36145 33520 21684 16458 3237 49755 46453 42257 9172 13228 2955 20601 34346 21937 37874 15168 48863 26063 42520 5411 43234 34549 30063 
22
35154 44432 43349 28417 18194 15112 43285 11594 42547 32904 45976 27887 32354 708 4156 38680 38799 33794 16543 46900 148 45748 
19
3127 9294 43806 41824 14672 47162 46941 32090 13872 38517 32151 14092 37011 26122 5647 34933 11292 45733 33302 
8
40895 44342 41614 20194 2331 45928 41666 12613 
45
34871 47144 31907 38491 26287 16182 39098 11818 40323 31055 38374 31107 10158 20159 34688 44595 15207 676 13557 46107 15597 45186 9465 36267 47061 3304 12871 9312 40003 44718 44316 18755 13244 12859 23065 17334 13061 12531 18590 2501 26728 44274 13750 38590 36678 
19
36008 35048 6609 16216 9495 24320 46381 14878 4587 28923 17991 18020 24809 8737 1506 46083 41858 14286 1362 
36
11691 14055 29121 36030 35588 38805 8808 32256 20947 10704 9905 26334 6771 18483 26034 22938 48598 39914 5884 37139 21976 3552 18901 37497 9120 5492 23221 5433 26620 29162 44228 34297 45800 32827 43199 43679 
11
47551 19710 19875 42018 23194 16777 10206 41959 3961 45547 38003 
44
30270 39666 46311 22978 11085 5844 40276 2636 31302 41843 33447 13774 1420 8436 20925 20900 31971 6986 41173 33054 43946 48941 45328 44752 42916 21994 15740 41788 5302 7155 2054 28014 45275 15427 7857 33553 31782 15942 30038 11412 43501 38063 24792 17366 
37
14832 5352 27028 31867 40769 15928 14782 22955 25867 42477 14808 48905 4143 49152 11343 38244 14469 14331 31127 16621 19584 27485 49032 41776 45330 5134 6251 37560 1849 5113 23396 15376 12727 1133 45761 1077 49789 
29
46861 45591 34652 14042 16274 34921 13014 18138 8431 36190 34231 38318 23312 31312 34962 19559 41386 21349 12998 31133 18781 2291 8996 32166 13749 45793 49893 41928 31801 
11
26419 22473 30822 33252 3970 42205 34215 42240 22085 38621 48283 
8
5764 3140 24125 29448 49146 510 15559 13311 
3
38461 15960 35139 
10
31128 46885 23743 47957 8127 21516 44414 41556 37177 45280 
15
42307 29738 35801 34560 22474 2282 23690 520 11640 24267 34198 26598 47639 29681 19033 
30
49184 28954 6304 351 15357 14098 9885 11966 19427 38647 38440 20870 18601 2390 10687 48248 25876 30362 9243 12483 25888 45668 3065 9359 41120 2132 17904 40574 48904 8461 
5
47742 45946 41419 9498 13093 
41
31640 14669 5783 13465 22370 11701 44593 29524 35441 11837 23937 36335 43940 8943 46600 11710 44834 9167 35907 34655 43686 6776 18740 26907 16153 121 25837 2245 14366 31334 8147 8410 31759 29152 48222 19968 42459 453 15700 43628 42107 
43
27253 47543 33838 33727 3839 49184 4821 44415 35950 7583 14264 1096 22761 25537 33541 34716 14670 5104 4814 42309 7088 42028 44836 30935 27163 42474 3318 3538 30744 29940 15838 29961 41194 28916 47719 25823 20174 12017 3394 7395 46949 47759 19286 
25
10042 23241 17380 29082 574 24279 38349 19738 42519 25428 20373 13201 41324 34008 35113 26632 48629 44815 11673 3768 25840 13673 32164 15285 14830 
6
30940 30836 5998 6430 38564 48403 
45
29012 16387 20072 24109 49866 13577 7081 1999 48774 14330 48814 26863 3661 49658 35348 7030 5878 5356 16528 48368 47552 44882 42278 14811 46782 37936 10293 32804 16383 14519 13727 31814 19001 41181 43308 21522 34768 38243 48487 42830 48862 14671 2471 34499 14897 
14
48181 14582 20030 38109 35704 1437 12659 8211 9088 7354 41559 27482 19184 39760 
34
12328 43743 45366 49827 25983 22189 34188 565 7475 9411 15428 9310 25428 36472 49680 23689 39169 49130 41997 34649 49523 7116 33780 25663 15771 49479 10938 3073 38477 19816 45650 6733 18521 35796 
4
20386 21412 18383 40486 
28
31724 2355 45594 22969 35531 18773 8656 4150 41667 12276 42263 43232 15379 37978 20386 15081 35165 12348 13842 42647 32260 2619 23794 37312 24264 27710 37758 38979 
50
28341 14722 22558 30069 36497 17875 38263 3757 29710 15956 42019 46590 23941 42856 13 27738 25658 13863 22069 17525 38050 3270 13742 14277 20659 14386 30852 11345 6715 38685 3254 31506 13982 1977 49479 14015 18318 14867 30860 20454 39553 14751 11985 20733 23541 25833 48911 17285 8738 6257 
21
9173 14598 42575 19651 7822 42102 39851 1436 29515 14252 44674 13337 15161 44138 38586 9684 14652 26322 28050 33139 25770 
44
12289 5393 24563 30956 46359 6805 42746 13232 4186 21185 30252 18053 49064 38564 42909 3494 14649 22218 37039 32986 17165 43497 955 30153 9979 26747 29213 5235 2477 11448 20933 15405 3280 24386 20266 5848 24361 24946 7957 35821 39176 41528 46243 24252 
47
6939 44301 30896 34854 16453 34222 6333 12199 36526 24113 20315 14316 45067 43433 40686 35620 37003 26477 38456 3899 27136 23983 4383 42979 15548 42824 25157 37298 7507 7599 47468 47082 25833 8573 2984 46287 21271 18216 12011 8648 2989 49496 40384 15196 25846 16143 6619 
5
14889 46103 41695 24709 11678 
17
47978 32044 33 17731 21034 43211 5622 37735 21086 21803 7714 19891 38733 20031 20507 356 15912 
4
31625 33811 13408 36682 
42
6768 18541 29033 30674 49407 40160 41241 23 18808 28223 44077 24599 10566 25816 42107 30958 32509 39948 38206 31272 6530 13562 38975 42298 10240 16345 48231 22861 28913 48620 20146 23348 18231 14233 20457 31076 32725 17597 12309 16147 5489 9345 
16
17188 26760 171 12581 48410 13512 47561 17719 36196 37034 4416 30179 15748 48892 40905 14007 
19
11442 49431 12681 19080 10186 34938 42358 10547 33233 4931 4772 8220 33437 28404 529 43311 28490 17714 3100 
39
14994 17096 40944 49827 37446 49342 49464 3264 21063 29365 30888 32444 18268 45156 47777 47548 2347 5282 48623 45254 49029 19035 32590 16142 37407 39838 40117 5233 28490 33176 34978 32742 47029 27342 30023 8843 24977 17293 7609 
45
13667 5213 2963 26327 15401 1245 16403 41018 12063 41839 34716 15151 32774 5707 40509 47940 43757 46728 12706 48588 49668 38227 28103 44868 20510 37938 38848 49742 31976 25684 18932 143 34988 30497 37157 4710 39755 13829 28528 38855 19140 13543 15647 43959 11632 
1
41807 
12
3382 40382 9406 26534 5809 27834 7765 6808 17806 21106 22695 46637 
45
25880 28277 30638 840 25380 40520 13731 18716 17926 46875 48664 22747 48754 9420 4060 9455 19854 44165 20905 28814 25727 3023 746 6820 22494 15351 27246 5282 3788 46376 260 22900 14246 29142 41856 13750 2199 16757 48166 16337 40194 17024 27343 45025 11143 
15
22197 29376 32686 24343 10526 23686 48250 28570 651 2600 3543 24252 18386 46859 17352 
44
20905 16171 1406 36354 40843 18036 32779 38089 41293 19640 13895 10043 43150 9433 43155 47082 13146 14293 41778 10901 43118 11462 19601 41447 10206 25163 28503 24861 23510 35267 32562 38832 10759 38212 5027 46953 35654 19142 14859 15035 27066 14406 41887 39922 
28
42348 35863 47269 19543 30225 33528 37320 23676 38772 996 26029 44197 5656 18444 31903 35399 1923 30640 3130 26222 6974 5422 33951 49671 34913 35603 24172 5589 
1
31592 
5
38549 29229 22229 4707 343 
4
24155 18242 7404 44942 
40
30654 45423 9019 8545 5232 24961 32615 35074 42096 16833 31094 3490 21133 2491 44818 14432 1099 12529 20940 49842 31448 2812 33592 49009 22817 23610 7034 37762 5622 8991 20353 12563 44947 13552 35809 43155 40489 46055 27618 19317 
20
26523 21785 36980 24618 18765 37601 37599 5540 42284 45053 45725 13698 37568 18570 30053 25057 27646 41000 2659 31018 
30
34550 35782 42364 37839 25532 4467 30097 42310 6103 39477 29021 10466 30891 12606 12450 48059 14240 16994 39369 20146 33791 34038 41419 28347 44602 4166 11299 16865 22686 43313 
35
33740 43282 25461 33558 2516 47570 1915 34948 1747 46456 19611 32284 8271 39515 39590 24837 29096 8870 4260 25002 15550 448 26791 22145 43631 47091 34803 23715 12621 4335 48951 14512 44337 33271 37247 
41
17473 34630 43924 38116 34223 28045 40949 22218 35021 4021 23641 15343 37902 5652 31561 37765 19325 3593 41218 6975 34183 27566 36301 37335 43314 38390 16047 16566 6595 25197 17918 27533 36219 26266 4791 30853 41721 49864 40152 38835 29652 
10
13740 30432 39241 8584 33443 37605 49835 15604 28984 461 
2
37197 27937 
35
41890 22304 21594 2710 14992 19236 2085 14129 6973 44998 7575 47789 30368 29559 46611 44378 37539 47439 7426 33139 9765 28001 49655 39672 48962 45269 12884 23027 42298 16667 42539 39992 34155 26302 48305 
39
23173 28432 4566 8938 6881 47099 14046 8407 46084 11551 41349 45314 16963 38186 26741 8689 19107 5735 37234 38627 17010 10646 46197 33742 16141 9548 20866 11651 36354 25458 31709 35456 11881 49984 7608 29624 3108 48967 3999 
25
49506 25819 43438 1700 48147 3301 32896 39704 49173 23163 47461 16386 38969 49078 39047 12805 28973 42390 740 34831 22724 47641 17407 35767 6127 
7
37616 46547 39813 5200 10970 11324 33243 
