32931
42
34416
9873
32762
23842
43611
338
12599
33442
30095
6781
20927
19397
14811
1789
2160
24806
7985
4015
38827
17214
11084
22155
12188
20342
32547
35338
6654
49220
15861
48452
20655
49479
27595
35377
46692
8957
19461
19295
10763
26881
21008
37938
17
11491
24408
23413
28459
21927
36427
9541
17715
36237
28746
19415
40000
25846
26088
26221
847
7319
48
8776
6013
44129
43804
47872
37897
37312
47004
10130
38113
29553
41832
40384
37793
16323
16269
38066
29754
26674
31477
41795
49992
35077
6992
23980
27662
41344
42819
5364
42575
22204
46330
451
27537
260
18270
24296