2000
0 2
0 3
0 6
0 10
0 13
0 15
0 16
0 19
0 21
0 26
0 30
0 35
0 39
0 45
0 59
0 68
0 82
0 95
0 97
1 3
1 4
1 9
1 11
1 16
1 17
1 20
1 22
1 24
1 27
1 28
1 33
1 36
1 37
1 40
1 42
1 46
1 52
1 60
1 66
1 75
1 89
2 10
2 18
2 23
2 25
2 28
2 29
2 31
2 34
2 38
2 43
2 44
2 47
2 49
2 50
2 53
2 58
2 67
2 73
2 94
3 2
3 26
3 30
3 32
3 37
3 41
3 44
3 45
3 48
3 50
3 51
3 54
3 56
3 61
3 63
3 65
3 68
3 74
3 80
3 87
4 9
4 10
4 15
4 22
4 33
4 38
4 39
4 46
4 51
4 52
4 55
4 57
4 59
4 62
4 66
4 71
4 72
4 75
4 81
4 85
4 95
5 2
5 16
5 29
5 31
5 40
5 47
5 53
5 58
5 60
5 64
5 69
5 72
5 73
5 76
5 78
5 79
5 82
5 88
5 93
5 96
6 0
6 3
6 9
6 23
6 30
6 37
6 38
6 43
6 45
6 50
6 54
6 61
6 67
6 74
6 79
6 80
6 85
6 86
6 89
6 94
7 1
7 4
7 7
7 10
7 16
7 23
7 38
7 44
7 52
7 57
7 59
7 62
7 63
7 68
7 81
7 86
7 87
7 92
7 97
7 99
8 2
8 7
8 8
8 14
8 17
8 21
8 31
8 45
8 51
8 58
8 60
8 64
8 66
8 69
8 71
8 75
8 78
8 79
8 82
8 88
8 95
9 9
9 15
9 25
9 29
9 38
9 52
9 65
9 67
9 72
9 73
9 76
9 80
9 83
9 85
9 86
9 89
9 91
9 96
10 3
10 6
10 7
10 10
10 12
10 16
10 22
10 30
10 36
10 45
10 59
10 66
10 73
10 74
10 79
10 81
10 86
10 87
10 90
10 92
10 94
10 97
10 98
11 1
11 4
11 8
11 13
11 14
11 17
11 19
11 23
11 28
11 37
11 43
11 52
11 80
11 88
11 93
11 95
11 98
11 99
12 0
12 2
12 7
12 11
12 14
12 15
12 18
12 20
12 21
12 24
12 26
12 31
12 33
12 35
12 38
12 44
12 50
12 57
12 72
12 73
12 87
12 96
13 3
13 8
13 9
13 16
13 21
13 22
13 26
13 27
13 29
13 32
13 36
13 41
13 42
13 45
13 51
13 55
13 65
13 79
13 92
14 10
14 15
14 17
14 23
14 28
14 30
14 33
14 34
14 39
14 42
14 43
14 46
14 48
14 49
14 52
14 58
14 63
14 66
14 72
14 86
14 99
15 0
15 7
15 8
15 15
15 20
15 24
15 31
15 35
15 37
15 44
15 49
15 50
15 53
15 55
15 56
15 59
15 64
15 70
15 73
15 79
15 93
16 8
16 14
16 22
16 27
16 32
16 38
16 51
16 56
16 57
16 62
16 67
16 69
16 71
16 74
16 77
16 80
16 86
16 93
17 1
17 15
17 21
17 28
17 30
17 34
17 36
17 39
17 41
17 45
17 48
17 52
17 58
17 63
17 65
17 72
17 77
17 78
17 81
17 84
17 87
17 91
18 2
18 8
18 22
18 35
18 37
18 42
18 43
18 46
18 50
18 53
18 55
18 56
18 59
18 66
18 79
18 84
18 85
18 95
18 99
19 0
19 6
19 15
19 29
19 36
19 43
19 44
19 49
19 51
19 56
19 57
19 60
19 62
19 64
19 67
19 68
19 73
19 76
19 80
19 86
19 92
20 7
20 13
20 22
20 30
20 36
20 44
20 50
20 58
20 63
20 65
20 69
20 71
20 74
20 78
20 83
20 84
20 87
20 89
20 93
21 1
21 3
21 5
21 8
21 14
21 20
21 27
21 43
21 57
21 64
21 66
21 70
21 72
21 77
21 81
21 84
21 85
21 88
21 90
21 91
21 94
21 96
22 2
22 6
22 11
22 12
22 15
22 21
22 35
22 49
22 50
22 73
22 78
22 79
22 86
22 91
22 92
22 96
22 97
22 99
23 0
23 3
23 4
23 9
23 12
23 13
23 16
23 18
23 19
23 22
23 28
23 33
23 36
23 42
23 56
23 69
23 80
23 85
23 87
23 92
23 93
23 98
24 1
24 5
24 7
24 10
24 14
24 19
24 20
24 23
24 25
24 26
24 29
24 34
24 40
24 43
24 49
24 63
24 70
24 77
24 85
24 94
25 2
25 8
25 13
25 21
25 26
25 27
25 31
25 32
25 37
25 39
25 41
25 44
25 47
25 50
25 56
25 63
25 78
25 84
25 92
25 97
26 0
26 4
26 9
26 15
26 18
26 22
26 28
26 33
26 35
26 42
26 47
26 48
26 51
26 54
26 57
26 61
26 71
26 85
26 91
26 98
27 5
27 7
27 12
27 13
27 16
27 20
27 23
27 25
27 29
27 36
27 40
27 49
27 54
27 55
27 58
27 65
27 69
27 72
27 78
27 92
28 6
28 13
28 14
28 19
28 21
28 26
28 27
28 31
28 32
28 34
28 37
28 43
28 46
28 50
28 56
28 61
28 62
28 70
28 76
28 79
28 85
28 99
29 0
29 6
29 14
29 20
29 28
29 33
29 35
29 39
29 41
29 44
29 48
29 53
29 57
29 63
29 77
29 83
29 92
30 7
30 13
30 27
30 34
30 36
30 40
30 42
30 47
30 51
30 54
30 55
30 58
30 60
30 61
30 64
30 66
30 71
30 73
30 78
30 84
30 89
30 90
30 97
31 5
31 20
31 27
31 42
31 43
31 48
31 49
31 56
31 61
31 62
31 66
31 67
31 69
31 72
31 76
31 81
31 82
31 85
31 91
32 6
32 12
32 26
32 33
32 50
32 55
32 57
32 62
32 63
32 68
32 70
32 73
32 74
32 79
32 82
32 83
32 86
32 88
32 89
32 92
32 98
33 0
33 4
33 10
33 13
33 19
33 40
33 47
33 64
33 69
33 71
33 75
33 77
33 80
33 84
33 89
33 90
33 93
33 95
33 96
34 1
34 2
34 7
34 9
34 11
34 14
34 17
34 20
34 26
34 33
34 48
34 54
34 62
34 72
34 78
34 83
34 87
34 90
34 91
34 96
34 97
35 3
35 5
35 8
35 12
35 17
35 18
35 21
35 24
35 27
35 31
35 41
35 55
35 61
35 68
35 70
35 74
35 79
35 85
35 92
35 98
36 6
36 11
36 18
36 19
36 24
36 25
36 28
36 35
36 39
36 42
36 48
36 62
36 69
36 75
36 77
36 82
36 86
36 90
36 93
36 95
36 99
37 2
37 7
37 13
37 20
37 26
37 31
37 32
37 36
37 40
37 46
37 49
37 55
37 69
37 76
37 83
37 84
37 89
37 91
37 96
37 97
38 3
38 5
38 9
38 11
38 14
38 18
38 23
38 27
38 33
38 38
38 47
38 52
38 53
38 56
38 62
38 70
38 76
38 90
38 98
39 4
39 6
39 10
39 12
39 17
39 21
39 24
39 25
39 28
39 30
39 34
39 41
39 43
39 48
39 54
39 59
39 60
39 67
39 77
39 83
39 97
40 12
40 13
40 18
40 19
40 26
40 31
40 32
40 36
40 37
40 39
40 42
40 46
40 51
40 55
40 61
40 66
40 75
40 84
40 90
40 97
41 3
41 5
41 19
41 20
41 25
41 27
41 32
41 33
41 38
41 40
41 43
41 44
41 49
41 52
41 53
41 56
41 58
41 59
41 62
41 68
41 76
41 82
42 10
42 34
42 39
42 41
42 45
42 47
42 50
42 54
42 59
42 60
42 63
42 65
42 66
42 70
42 74
42 83
42 89
43 4
43 18
43 24
43 42
43 47
43 48
43 53
43 57
43 60
43 61
43 64
43 66
43 67
43 71
43 72
43 77
43 79
43 81
43 84
43 87
43 90
43 96
44 1
44 11
44 25
44 31
44 38
44 40
44 49
44 55
44 62
44 67
44 68
44 73
44 75
44 78
44 82
44 87
44 88
44 91
44 94
44 97
45 5
45 9
45 12
45 18
45 31
45 32
45 39
45 45
45 47
45 52
45 56
45 69
45 76
45 81
45 85
45 88
45 89
45 94
45 95
45 98
46 1
46 2
46 6
46 10
46 15
46 16
46 19
46 25
46 39
46 53
46 54
46 59
46 61
46 66
46 67
46 72
46 77
46 83
46 90
46 95
46 96
47 3
47 8
47 13
47 16
47 17
47 22
47 23
47 26
47 32
47 40
47 46
47 60
47 68
47 73
47 75
47 79
47 84
47 88
47 97
48 0
48 5
48 11
48 18
48 24
48 29
48 30
48 33
48 37
48 47
48 53
48 67
48 74
48 76
48 80
48 82
48 87
48 91
48 94
48 95
48 98
49 1
49 2
49 6
49 7
49 12
49 16
49 21
49 25
49 31
49 36
49 43
49 45
49 54
49 60
49 67
49 82
49 83
49 88
49 89
49 96
50 2
50 3
50 8
50 10
50 13
50 14
50 19
50 22
50 23
50 26
50 28
50 32
50 38
50 46
50 52
50 61
50 75
50 89
50 90
50 95
50 97
51 4
51 9
51 11
51 16
51 17
51 20
51 24
51 29
51 30
51 33
51 35
51 36
51 40
51 44
51 53
51 59
51 80
51 82
51 96
52 12
52 17
52 18
52 23
52 27
52 30
52 31
52 34
52 36
52 37
52 41
52 42
52 47
52 49
52 51
52 54
52 60
52 66
52 74
52 88
53 1
53 8
53 19
53 24
53 25
53 32
53 37
53 38
53 42
53 43
53 45
53 48
53 52
53 57
53 58
53 61
53 64
53 67
53 71
53 81
53 95
54 1
54 2
54 9
54 15
54 17
54 39
54 44
54 46
54 51
54 55
54 58
54 59
54 62
54 64
54 65
54 68
54 75
54 79
54 82
54 88
54 94
55 9
55 23
55 24
55 29
55 31
55 36
55 47
55 53
55 60
55 65
55 66
55 71
55 72
55 76
55 80
55 85
55 86
55 89
55 95
56 2
56 10
56 16
56 30
56 38
56 43
56 45
56 49
56 54
56 67
56 72
56 73
56 78
56 83
56 86
56 87
56 90
56 92
56 93
56 96
57 0
57 3
57 7
57 17
57 23
57 37
57 44
57 46
57 50
57 52
57 57
57 61
57 64
57 68
57 75
57 81
57 88
57 93
57 94
57 99
58 1
58 6
58 11
58 13
58 15
58 24
58 30
58 37
58 52
58 53
58 58
58 59
58 66
58 71
58 72
58 76
58 77
58 82
58 95
59 2
59 9
59 16
59 21
59 22
59 31
59 45
59 59
59 60
59 65
59 67
59 72
59 73
59 78
59 80
59 83
59 84
59 89
59 92
59 93
59 96
59 98
60 0
60 3
60 5
60 10
60 23
60 29
60 38
60 52
60 66
60 74
60 79
60 81
60 86
60 87
60 90
60 94
60 99
61 0
61 1
61 4
61 6
61 7
61 11
61 12
61 17
61 20
61 21
61 24
61 30
61 36
61 44
61 58
61 59
61 73
61 82
61 87
61 88
61 93
61 97
62 2
62 7
62 8
62 12
62 13
62 15
62 18
62 22
62 27
62 28
62 31
62 37
62 41
62 51
62 57
62 65
62 78
62 94
62 95
63 1
63 10
63 14
63 16
63 19
63 21
63 25
63 28
63 29
63 32
63 34
63 35
63 38
63 45
63 47
63 49
63 52
63 58
63 64
63 71
63 72
63 85
64 1
64 6
64 17
64 22
64 23
64 30
64 35
64 36
64 39
64 41
64 42
64 46
64 50
64 55
64 56
64 59
64 65
64 79
64 93
65 0
65 8
65 13
65 24
65 31
65 37
65 42
65 43
65 48
65 53
65 56
65 57
65 60
65 62
65 63
65 66
65 72
65 80
65 86
66 7
66 14
66 16
66 21
66 22
66 27
66 34
66 38
66 45
66 49
66 51
66 58
66 63
66 64
66 67
66 69
66 70
66 73
66 77
66 87
66 93
67 0
67 7
67 22
67 23
67 28
67 29
67 36
67 41
67 46
67 52
67 65
67 70
67 71
67 76
67 81
67 83
67 85
67 88
67 94
68 1
68 15
68 29
68 30
68 35
68 37
68 42
68 43
68 48
68 50
68 53
68 54
68 59
68 62
68 66
68 72
68 79
68 86
68 91
68 92
69 8
69 16
69 22
69 36
69 44
69 49
69 51
69 56
69 57
69 60
69 64
69 67
69 69
69 70
69 73
69 80
69 93
69 98
69 99
70 0
70 6
70 14
70 29
70 43
70 50
70 52
70 57
70 58
70 63
70 65
70 70
70 71
70 74
70 76
70 77
70 81
70 82
70 87
70 90
70 94
71 1
71 7
71 21
71 27
71 35
71 36
71 64
71 72
71 77
71 78
71 82
71 83
71 85
71 88
71 92
71 97
71 98
72 2
72 4
72 5
72 8
72 10
72 15
72 17
72 19
72 22
72 28
72 34
72 41
72 71
72 78
72 80
72 84
72 86
72 89
72 91
72 95
72 98
72 99
73 0
73 5
73 6
73 9
73 11
73 12
73 16
73 20
73 25
73 26
73 29
73 35
73 49
73 63
73 87
73 92
73 93
73 96
74 1
74 7
74 12
74 13
74 17
74 18
74 23
74 26
74 27
74 30
74 32
74 33
74 36
74 42
74 50
74 56
74 70
74 78
74 83
74 94
74 99
75 8
75 15
75 19
75 21
75 28
75 33
75 34
75 37
75 39
75 40
75 43
75 47
75 57
75 63
75 77
75 84
75 86
75 91
75 99
76 6
76 11
76 16
76 22
76 27
76 35
76 40
76 41
76 44
76 46
76 51
76 53
76 55
76 58
76 64
76 70
76 77
76 92
76 93
76 98
77 0
77 5
77 7
77 12
77 13
77 18
77 23
77 29
77 32
77 36
77 42
77 47
77 49
77 56
77 61
77 62
77 65
77 71
77 85
77 99
78 6
78 15
78 19
78 21
78 26
78 27
78 30
78 34
78 37
78 39
78 43
78 50
78 63
78 68
78 69
78 78
78 86
78 92
79 13
79 20
79 27
79 28
79 33
79 35
79 40
79 41
79 44
79 46
79 47
79 51
79 57
79 60
79 64
79 70
79 75
79 76
79 84
79 90
79 93
79 99
80 6
80 13
80 28
80 34
80 42
80 47
80 48
80 52
80 53
80 55
80 58
80 62
80 67
80 71
80 77
80 91
80 97
81 4
81 11
81 41
81 48
81 50
81 54
81 56
81 59
81 61
81 65
81 68
81 69
81 72
81 74
81 75
81 78
81 80
81 85
81 87
81 92
81 98
82 5
82 19
82 55
82 57
82 62
82 63
82 66
82 70
82 73
82 75
82 76
82 79
82 81
82 82
82 86
82 90
82 95
82 96
82 99
83 0
83 2
83 3
83 6
83 12
83 20
83 26
83 40
83 64
83 69
83 71
83 76
83 77
83 82
83 84
83 87
83 88
83 93
83 96
83 97
84 3
84 4
84 7
84 9
84 10
84 13
84 17
84 27
84 33
84 47
84 54
84 56
84 61
84 78
84 85
84 89
84 91
84 94
84 98
85 4
85 5
85 10
85 11
85 14
85 16
85 21
85 23
85 25
85 28
85 34
85 40
85 47
85 62
85 63
85 68
85 76
85 86
85 92
85 97
86 6
86 12
86 17
86 19
86 22
86 26
86 31
86 32
86 35
86 41
86 55
86 69
86 70
86 75
86 77
86 82
86 83
86 88
86 93
86 99
87 0
87 4
87 7
87 9
87 13
87 20
87 24
87 33
87 38
87 39
87 42
87 48
87 53
87 56
87 62
87 76
87 89
87 91
87 96
88 3
88 5
88 10
88 11
88 14
88 16
88 21
88 27
88 34
88 40
88 45
88 46
88 54
88 60
88 63
88 69
88 83
88 90
88 97
88 98
89 4
89 12
89 17
89 18
89 22
89 23
89 25
89 28
89 32
89 37
89 41
89 47
89 52
89 61
89 67
89 70
89 76
89 83
89 98
90 5
90 11
90 18
90 20
90 24
90 26
90 29
90 31
90 35
90 38
90 39
90 42
90 44
90 48
90 55
90 57
90 62
90 68
90 74
90 81
90 91
91 25
91 27
91 32
91 33
91 36
91 40
91 43
91 45
91 46
91 49
91 51
91 52
91 56
91 60
91 65
91 69
91 75
91 89
92 33
92 34
92 39
92 41
92 46
92 47
92 50
92 52
92 54
92 57
92 58
92 63
92 66
92 67
92 70
92 72
92 73
92 76
92 82
92 90
92 96
93 3
93 17
93 24
93 48
93 53
93 55
93 59
93 61
93 64
93 68
93 73
93 74
93 77
93 79
93 80
93 83
93 88
93 97
94 4
94 10
94 17
94 32
94 33
94 38
94 56
94 60
94 62
94 67
94 71
94 74
94 75
94 80
94 81
94 84
94 86
94 91
94 93
94 95
94 98
95 1
95 2
95 5
95 11
95 15
95 25
95 39
95 40
95 45
95 52
95 53
95 63
95 69
95 76
95 81
95 82
95 87
95 89
95 92
95 96
96 2
96 3
96 8
96 9
96 12
96 18
96 23
96 26
96 32
96 46
96 59
96 61
96 66
96 70
96 77
96 83
96 90
96 94
96 99
97 4
97 9
97 10
97 15
97 16
97 19
97 24
97 30
97 33
97 39
97 53
97 60
97 67
97 68
97 73
97 75
97 80
97 81
97 84
97 86
97 91
97 97
98 2
98 11
98 17
98 22
98 29
98 31
98 37
98 40
98 46
98 53
98 68
98 74
98 82
98 87
98 89
98 92
98 93
98 98
99 1
99 5
99 8
99 9
99 12
99 14
99 18
99 25
99 32
99 38
99 44
99 47
99 51
99 61
99 75
99 81
99 88
99 90
99 94
99 96
99 99
