+8801746176211
+8801715620012
+8801721528921
+8801911664648
+8801625666319
+8801861696969
+8801816937464
+8801772561747
+8801850412299
+8801916921543
+8801917004842
+8801675558727
+8801911895896
+8801770476668
+8801670105153
+8801521211363
+8801957672523
+8801867862933
+8801772952142
+8801707549764
+8801742202327
+8801674360607
+8801850180917
+8801850065488
+8801704818292
+8801715588866
+8801996582129
+8801730710548
+8801627338241
+8801611254580
+8801557785033
+8801986897758
+8801521211136
+8801861483456
+8801831055123
+8801682684175
+8801624660933
+8801731439170
+8801761940093
+8801571722456
+8801918577780
+8801521218208
+8801787763008
+8801818194994
+8801673014076
+8801620308789
+8801708437612
+8801612223610
+8801680883803
+8801723568124
+8801686088915
+8801722264285
+8801624969288
+8801689307460
+8801750985830
+8801682481281
+8801981248001
+8801551805965
+8801797699211
+8801676993225
+8801915624370
+8801615624370
+8801521209515
+8801740109273
+8801792809990
+8801712339864
+8801717049034
+8801911956308
+8801917694444
+8801929841470
+8801946474365
+8801710189267
+8801987383466
+8801828080102
+8801957564028
+8801913305366
+8801521332352
+8801782899279
+8801990572660
+8801854490062
+8801680942281
+8801616008678
+8801515258872
+8801676450931
+8801972899279
+8801738019526
+8801751119953
+8801854557742
+8801840061916
+8801715367166
+8801521256318
+8801784956158
+8801876925061
+8801556519386
+8801748582266
+8801867094074
+8801720393067
+8801737009026
+8801626268016
+8801687133875
+8801712335350
+8801521109829
+8801799089892
+8801829649735
+8801553117861
+8801924883118
+8801672456283
+8801687130321
+8801716458014
+8801924185409
+8801745594670
+8801717306306
+8801916863640
+8801912777103
+8801936786871
+8801917925581
+8801932723746
+8801751695033
+8801963090110
+8801824283685
+8801515279651
+8801920520407
+8801921927042
+8801515684074
+8801716279327
+8801676386249
+8801674727100
+8801676085622
+8801789925778
+8801760449944
+8801788537980
+8801712212628
+8801736992809
+8801521305182
+8801780290420
+8801912463426
+8801995399297
+8801682883875
+8801535151200
+8801675954024
+8801770026570
+8801715896372
+8801683313017
+8801864666208
+8801821430243
+8801743079842
+8801686809581
+8801787127447
+8801734829370
+8801911590898
+8801774006826
+8801767243580
+8801688307188
+8801766629233
+8801767095017
+8801874742919
+8801764623953
+8801724986616
+8801786162757
+8801793954476
+8801715025295
+8801717004604
+8801740033862
+8801515685698
+8801786708443
+8801521440286
+8801558102384
+8801747538840
+8801710761012
+8801521446564
+8801862185399
+8801947236623
+8801916589835
+8801913483926
+8801947959640
+8801670996446
+8801849292618
+8801856744205
+8801610761012
+8801932379790
+8801776368367
+8801521331316
+8801771515752
+8801771883822
+8801632403361
+8801712588920
+8801686879068
+8801911492913
+8801952820194
+8801770872288
+8801765793027
+8801685384114
+8801623639883
+8801773056545
+8801671724549
+8801751193155
+8801616165533
+8801682681149
+8801857515029
+8801521491157
+8801521213704
+8801715193819
+8801717879313
+8801915637350
+8801682409948
+8801873757818
+8801762064628
+8801775719219
+8801965838482
+8801559694769
+8801952675489
+8801717355154
+8801681390757
+8801867061509
+8801552398698
+8801674707788
+8801688824367
+8801674427781
+8801717449201
+8801819956983
+8801918008582
+8801796675293
+8801731928913
+8801717278236
+8801717278236
+8801955386932
+8801778133228
+8801711365517
+8801678664052
+8801674283986
+8801911894501
+8801934925579
+8801883009233
+8801957084138
+8801738299369
+8801961858343
+8801771804786
+8801621154281
+8801752514576
+8801722300962
+8801674427840
+8801717573325
+8801731902188
+8801534369372
+8801753651866
+8801765239681
+8801928581585
+8801684888365
+8801724831927