100
10
-5538099 -4196787 2450069 821407
2024147 2138088 7662678 3878172
-6780779 -5697588 1417066 6392405
-5086038 -1375351 6321277 4220321
-528533 5671254 994151 894997
3444220 3582249 5773265 805483
7570316 -4683653 -1580147 531919
-4863059 -6924322 -3271441 4397733
-3727091 -2752425 -5029894 6322477
-158418 -7217472 760883 6937072
16
89617519 -26729960 -58528827 70315334
-46761349 25008893 -40566003 70000474
-89404316 75955040 38481239 59974065
-76291768 47279943 -6673647 16620743
-73825618 -11122448 27910037 91332530
38955216 -61647862 -93193341 95450280
86275696 17967104 14641563 32345531
53122803 -92319594 -1840446 14370384
-8514093 -83507477 3993830 50815554
31903867 -42148082 84044590 9092001
-29754283 -57058631 -14231615 44226344
-28873178 -76571873 41051712 63926906
-42892158 -30813640 86908926 38778667
43419108 -89594219 -51498786 98698411
-88059729 60306762 -88572704 33843993
55320671 30586687 -66371712 18706184
5
-11486573 -28555719 15237168 35764616
-72796 -9926363 -34455038 6403272
-24828121 34795250 -23283295 10282965
-540958 -18891692 -18399506 22072028
31853138 -22000380 -40965397 21948194
16
-91617396 6511800 3299128 94348973
-35180063 80876647 -86792534 21126657
-96237092 30759597 -12387837 81541515
36862241 -51888000 -45994203 79370609
59623295 -805203 -97885875 36652846
53701355 -83518169 65220459 5930666
-4529345 -79573673 72083806 46249167
-36987995 80307032 14334593 83477318
-12845149 15364277 -14183358 28741840
64585585 -17911036 -99119042 59684713
-64339501 65615377 5167810 22151637
29767968 -20917154 51489317 98155256
18340263 81632573 50362061 56170209
-64545419 -84912047 -41685520 99934299
40804562 12135362 -80141717 26529263
-85309527 -1197250 83494813 39382515
16
81427483 -19648285 -79358386 7888482
79537170 -76875638 23212879 6309322
-41114092 43173412 2784345 60016561
-12617714 91586593 40880708 68375468
-10098512 -46348358 -3812881 20065169
35687619 -80470002 95556305 36295974
18769184 -42605294 -44605361 17764102
-47389707 -77780661 30080238 25353420
-70960947 -46245239 -6482538 77618159
-62811771 50199679 -28741569 66240532
-24297874 -55052856 -80707378 60499393
25312739 78263493 14710287 85226220
44790525 63095991 6283029 49327284
-12765567 79461794 -65557772 79109433
94299342 97866316 53379179 66696980
-34086557 -79712723 44079589 84618096
16
-63545685 -70774546 -41960112 14120589
-14650462 -66275967 2100795 35659768
86079921 59857230 56404902 35409821
-25921058 54035428 -58319229 30400437
-78773750 -35902385 -1181206 59886841
-95657670 26523780 75901348 86410096
78002144 -74586215 -11718628 31882611
-20639882 67292430 -40421619 15405363
51257200 98322151 17246945 72350386
18428151 84753577 33966127 76910307
9867475 -15836754 -81339144 56984390
45574124 88866999 -56052936 65291300
96474555 -33213013 28354224 30279059
-45601169 -55145795 -64210225 30631496
-98176352 -60058153 -7770189 946152
41625685 -57930540 -96216995 53413816
16
5 -8 -6 3
-1 -3 -3 2
5 3 9 8
-5 -5 2 10
5 7 2 7
-9 8 5 6
-8 -9 9 4
1 2 1 6
4 -4 3 3
5 8 7 10
2 4 -2 9
-3 3 5 3
9 -7 4 5
9 -6 8 2
-7 0 -1 7
5 -4 4 4
16
52269931 18705114 43026017 1508946
71380241 -84304355 -6762049 33527085
70972274 16674931 35558959 34741511
95845500 -35687661 -76494924 24670995
72711919 30601161 58470820 31275393
1496837 -85300690 -42226752 94891195
1505154 80934630 -45953776 46658760
-81512735 -81400269 84519693 14829421
-13530970 -92016766 13703631 16257445
72174451 -49188 78181312 4097425
72924416 98988618 21559176 99423352
-67512953 46082110 -9424510 78900277
-46460556 46246048 -17858200 98750768
-84078183 67524563 37837651 34956628
16018963 -39054051 -65427610 15889303
-39503139 15312653 -53047782 8558133
16
87500482 -37537769 71855920 42058862
-22217982 -98229069 34366228 20927111
-76051748 -73377760 47765543 27033080
-27907260 -6078693 43752706 85843339
79763871 25225852 67827051 30654156
92199323 -72713017 55650213 6213412
-42532794 79656873 2629162 40473558
2911058 67506636 11877026 1584163
8146084 39943852 -20317030 12723367
-40660433 -43377521 67416347 99793415
-75582913 -6006825 -3697588 41732954
-58843102 34722863 -39827849 97605184
-4221227 51705697 -14225159 5309973
34542190 -18033338 -42301637 60578733
62234337 60372147 74599431 60965662
-30813371 -2698614 -5839116 56443339
16
-45666966 -6564873 20498510 14771858
-34723670 20081829 -11772078 49501188
-54073715 10079920 -34576481 6641655
-9175912 -67607315 51455471 34678461
-57294587 -91121798 -4927440 57882452
-77942303 -25170660 58393713 86964538
-22682143 88982076 40442740 45580264
-75019221 -52221917 -68926863 29217121
-72898686 -63895581 -60444330 38187532
-65371771 96069982 13693996 61012752
24604061 493640 7409846 24042064
-368938 22138678 -68117184 64615998
89560399 -93833118 -46906751 45168712
7351082 -83356242 22999185 21069632
36693182 -34598734 77225407 61099801
37151605 -37658215 -70654859 65425056
16
-16 56 13 98
-66 -47 -52 40
-23 -43 1 12
98 47 -3 4
-18 -1 -49 42
-14 91 6 35
-11 25 80 66
-82 77 71 49
-75 -52 -34 81
35 -74 -73 83
-32 -16 -46 78
79 -95 23 46
94 -45 -13 68
99 -99 -64 37
38 18 97 66
44 -94 -42 37
14
-29179902 -13321450 51093398 15371103
21543781 29289663 79167191 16041138
58145092 55830391 -51957330 4820681
-486839 -79328833 -73579961 20034407
-54517129 -20034405 77768837 16243973
48279993 31615074 -24529428 65783230
51351263 29479010 -74532324 34826297
74144298 39646977 26929303 6370584
-48163909 54641875 -68887056 29342002
-13728295 -45585974 435489 79486708
53201804 -12342338 41961644 539584
-64148612 -63602766 -36729265 79996452
-63658569 34021678 66978910 29230563
-2938368 58572563 -37882078 26329598
5
-4 -1 5 9
5 -7 -3 6
-6 0 2 5
4 7 -2 9
-7 0 2 2
16
-33 -59 49 7
9 -94 -56 16
28 18 90 88
71 57 4 49
-29 8 -65 73
-66 78 -7 64
16 30 55 69
45 8 -66 54
-71 53 -28 67
-93 38 -70 89
30 51 6 91
13 11 -85 80
3 84 -51 79
79 -45 -27 86
50 73 46 79
5 20 -97 82
16
2 6 8 1
-6 -6 -2 9
3 -2 -4 10
3 2 -7 10
1 8 -8 7
-8 7 -8 6
2 -5 0 10
4 0 6 1
3 -9 8 2
-6 9 8 3
-9 -7 7 10
8 8 6 5
-3 6 -7 4
-5 -4 2 10
3 1 0 6
7 -4 0 1
16
-69680454 -19553767 -24342296 94066680
-88787604 -41329858 -91401568 5831198
73073433 67860287 85473109 59995982
94983385 63128856 93087844 75293103
-44405727 -7415375 82844922 9851035
-7187219 -3917713 63043866 90503028
-54445435 96334224 3273639 17296011
41263100 -77291992 53457554 71093153
46545398 -46386254 -32262233 10070011
-15107155 19921044 -57089586 75818255
-20133452 -66321281 -71988910 7130461
-27778902 24426470 51364367 10321193
4821921 -33930696 70283204 94834797
-2545437 -4904806 77471110 97496024
87077048 25830629 80332697 86822093
52321608 93952552 91722841 54175217
16
-90 -75 -80 57
-80 -8 91 3
-54 -91 13 64
81 -23 26 49
-89 -1 72 15
-53 -22 40 79
84 33 71 6
85 20 -51 100
-29 99 34 50
-7 15 -74 50
67 -27 92 42
64 -98 77 68
28 -18 93 80
80 -28 -3 52
30 0 0 49
93 -41 -28 59
16
-40 -21 -92 8
-71 46 -45 58
94 -14 49 20
-16 68 84 3
-25 -73 -73 70
17 28 9 27
-54 36 62 12
-11 82 -10 25
-46 -26 7 41
-32 -9 35 42
44 68 48 51
62 -14 83 58
-93 -81 41 15
0 55 59 86
94 26 19 41
19 -90 57 59
2
24478840 6683854 6554204 59021123
64407820 4229992 10783458 70947825
5
9 9 8 4
1 9 -5 8
-7 4 -9 5
4 -2 9 6
3 -6 -4 8
5
0 -4 3 5
-2 8 -3 9
7 -7 -8 3
8 -2 1 6
9 9 -1 6
16
11 -61 11 69
8 66 54 96
-95 -41 -47 36
8 -91 92 6
-92 -14 9 33
73 -1 -28 32
83 26 51 14
-51 -1 97 35
41 -92 41 37
3 21 78 10
-7 40 -31 73
-35 37 76 2
25 35 -43 100
36 -87 72 68
3 76 -28 5
11 28 -79 37
16
9 8 -6 4
0 8 9 8
-9 0 -2 10
5 -5 2 1
6 5 -2 9
-8 2 4 3
6 -9 5 3
-9 -1 -3 9
-5 8 -7 3
-9 0 6 2
0 4 -9 5
-6 6 0 4
-5 -3 -4 8
1 9 -1 2
7 2 4 9
5 2 -1 1
5
-8 4 -3 7
6 8 0 6
-7 -6 2 9
-2 2 5 5
6 3 -9 9
2
1 1 1 1
100000000 100000000 100000000 100000000
16
85807638 52815935 45667669 15561151
49638775 41517682 -35752096 93100840
14181080 -95268718 -95699015 72183489
67244733 -25663035 69528303 90378581
19194869 -24492738 -79365216 97590560
-25032885 65668062 28548695 28445932
16817144 21546770 -32811908 53052364
28510923 77752203 55205476 32299005
-77250131 75193936 83746235 53963860
15627803 4070771 -77482787 20365053
-58547835 -48810983 72803949 11395908
-58132210 -64448271 65846219 87431495
-21051695 72246850 64445308 47263180
-707895 53743390 -81671865 9512739
11671004 -82394142 9510276 50616523
34830577 -14528782 -51317883 32122274
16
-44 -81 18 42
-80 9 2 79
36 -12 28 46
-63 -52 29 82
-85 -94 -70 85
-88 -78 -34 84
-36 62 62 35
-42 -31 -42 27
-71 8 39 39
-61 74 3 72
37 54 1 3
-15 36 -62 16
56 -42 50 88
41 77 37 5
40 27 48 57
50 -58 -49 28
16
14988645 -87458408 -96029211 26473432
66403763 77740550 37880719 59250933
75718370 -46723912 -75827904 85713417
-93771867 1602718 -99335606 92807451
4899741 1365582 -24736332 38886644
73281895 65360074 52044776 42683957
89925495 -1934889 -11270012 62413903
39614269 48127318 -15806453 71693847
67658412 -17017648 97471895 97479244
-74724579 -36365886 87284725 92724838
39329501 35408794 -90741379 47415214
54527743 62345467 25471952 85077205
-41278406 56771050 79364583 34011324
-29352830 84006918 56928206 57116590
96729284 -49841426 24474404 17830135
-15215783 -17761699 -13629091 68918244
16
52510950 -96499962 48023875 42170398
-95844029 51293528 -27365583 19197859
24913557 18552563 69752321 66254911
37057030 59932356 59917369 9010998
42302117 14650200 54865248 46292364
2889124 -88462760 1601598 20762488
28967181 92476697 -54889916 73455503
-24642237 92226764 77352953 37798303
89786675 46809299 -88838876 79418213
96220477 -78226927 -41316462 2875459
42918060 -23637946 -42894916 83315036
97784832 56770537 -12209680 89159043
42078985 79473696 -47662432 16470806
-89017661 48405369 -17901213 36864092
59217675 39739549 -57317016 79053682
-52728284 -14885069 69217803 77972892
16
2 4 -6 5
8 -2 3 3
0 -1 -7 2
0 0 1 2
-5 5 -5 5
2 8 3 2
8 4 -5 4
4 6 4 9
8 -1 5 6
1 -1 -8 6
-1 -6 3 10
-1 -4 0 3
-6 2 -3 5
-1 1 -9 8
0 -2 4 4
-9 4 -2 1
7
13885415 6711023 -8768798 6192653
11464103 10714210 12317144 6468695
-1388107 -12015162 -1912526 1768070
-14230287 -11176860 -4227576 10423991
-9614183 -6869601 3791137 13725162
9622262 -5524888 6902812 8852794
1889356 928562 11863650 4043082
16
-4 -2 8 10
-2 -5 0 10
2 6 6 6
2 8 -5 7
8 8 5 6
4 7 9 6
0 4 7 9
6 3 6 5
-4 3 -5 7
2 2 -4 9
-4 3 -9 1
-6 8 -7 6
-4 1 8 3
5 8 4 9
0 9 9 1
0 2 7 2
16
-1 -58 48 3
-23 -11 -74 99
50 3 -27 29
0 1 -59 84
62 -86 29 45
30 -99 66 75
-40 24 -51 99
30 -26 54 50
-14 84 22 44
51 -87 33 87
51 -12 -58 87
61 84 -79 76
-33 -76 74 28
-48 70 57 34
42 -72 1 38
-11 75 -38 69
16
8 -6 5 5
3 -7 0 9
-4 9 -7 3
-7 0 5 10
-9 -6 2 4
9 7 -8 10
1 0 -5 4
4 -8 2 6
7 4 1 7
5 9 2 10
-3 8 1 4
-9 -9 -2 8
-6 -2 9 5
0 0 -6 5
0 -3 3 10
6 -5 6 10
16
5 -8 -3 2
2 -3 -6 8
0 8 -9 8
0 7 9 10
9 2 8 8
-2 8 -7 4
3 -3 -2 7
4 5 7 8
7 6 9 3
7 -9 -1 6
9 1 8 1
-3 -8 -1 4
-8 0 4 4
3 7 6 5
-8 -1 1 4
2 -3 -9 5
16
45 -2 90 27
0 77 28 72
5 -41 69 5
77 -7 -43 65
90 -83 70 64
60 89 78 36
59 6 -86 39
-55 42 -85 76
-28 -91 -93 59
-64 21 -11 90
-41 24 54 18
-40 7 -3 81
88 -8 -87 41
81 -50 95 74
-6 14 20 1
74 -69 50 16
16
7 89 -90 51
33 1 38 62
-63 29 -35 29
15 -84 66 78
-97 66 -85 37
76 -38 -85 84
75 45 33 57
-68 84 62 16
28 92 62 83
47 -71 -98 38
-35 -20 -33 2
-66 58 79 23
-41 -37 47 100
61 -34 -10 37
61 73 67 60
0 61 -11 54
16
45 -65 45 37
-66 43 -89 29
17 88 87 49
-58 98 -20 99
-49 27 17 89
-62 76 -88 75
78 -54 -50 45
-38 92 32 41
5 90 -81 2
-51 -41 -84 95
73 -20 -18 3
20 46 -53 59
-38 -98 1 98
-35 50 -71 52
55 97 96 36
-66 -38 63 98
16
-78834435 12720057 -83311673 58361004
-37992147 89416591 47457356 91332616
1725287 -65409280 42477276 36620919
14536978 70589296 -31225780 55164861
-85357213 36759704 -42523664 26151959
-78351689 84512961 81291238 36855081
81264947 80704047 5467196 83458940
47944473 -20079857 -80691820 33282640
11917600 40963851 -70530593 13982815
-13054257 40134773 70863768 12782488
-52155006 -2153919 -44560779 21442892
-50027976 -57418182 89624529 65486605
-70316349 51285595 43237464 32025117
13768057 -98524282 -54725375 23260966
78105495 -36043452 71949485 68713160
-16510264 90156050 -60092042 69543394
16
-90 56 13 100
-66 -28 -75 53
-93 -57 -93 33
54 42 19 37
-64 18 33 35
46 85 -18 36
-45 87 26 16
19 -48 90 8
-9 -96 42 84
27 -18 -77 90
-47 76 38 84
64 -50 50 61
-92 19 -54 80
-48 15 -74 54
51 95 -9 95
-99 -29 48 51
6
129560 -16911505 -1691101 11195017
14366004 3906788 7315531 1830657
-2380276 -6532148 11539235 19049422
-20003544 -5996867 6971142 15721250
-16142776 4892501 18006625 6062968
-3744264 1304521 -3598831 16827261
16
0 6 0 10
0 3 0 8
7 -1 0 7
9 2 0 6
-2 2 3 9
5 -8 -9 8
0 -6 -6 10
-6 -5 0 4
0 9 -5 7
0 -7 -5 5
7 -1 4 5
-1 -5 -5 8
5 -2 -6 4
1 -1 2 9
-9 2 8 6
2 -2 -3 8
2
40928326 -27610059 -15875517 24232624
-25424368 29889970 -30812684 6094016
16
-3 3 9 9
-5 8 2 7
-4 2 6 10
-7 -6 3 5
-8 -3 5 2
6 0 3 7
8 4 -5 1
-3 -1 6 5
0 8 -8 4
5 -4 0 6
6 1 -6 9
4 -8 0 1
-8 4 8 9
6 -1 0 5
2 9 9 7
5 -4 8 10
16
-43087209 17012760 72302203 51792803
42585408 -46627598 -27960745 20332495
-5431855 -17828518 -87604623 52235757
67937321 -39057848 48167530 5392144
39890371 12083711 76519611 35919416
1338167 -87712217 -21365743 94087125
49326488 14419619 -77328588 99783600
64933211 4535707 -69267398 58162166
-17434928 16070660 85542434 97851937
14578397 33771351 47356180 12356492
21238275 58959968 -4277364 77839461
34122304 30139411 -44116768 36958753
13384167 -47637270 64938038 93177100
2996824 -91029036 -59178554 86008139
59051087 98364629 -12172748 3370479
68966464 -33726290 51430020 54660638
2
1 1 1 1
100000000 100000000 100000000 1
16
0 8 0 4
9 -7 0 10
8 4 0 5
-5 -3 0 8
6 8 7 5
7 7 0 9
0 9 -5 9
-7 2 0 4
2 2 5 7
2 2 0 1
-2 0 3 5
0 -3 0 2
-3 -7 -6 7
1 -4 -2 10
-5 0 8 3
3 6 -8 4
16
-65 -33 13 34
26 0 -82 14
-47 -1 63 60
61 -76 38 81
80 -68 -77 58
-91 -90 59 48
-42 -12 14 79
30 -37 -96 1
-35 -32 99 14
-77 70 32 42
44 89 -95 28
-62 5 57 88
-54 -87 -46 57
-98 -21 -76 48
-8 88 -9 91
-57 -17 54 64
16
-4 -5 2 3
-6 -9 1 10
5 0 8 5
-4 3 -9 5
2 4 -7 9
-9 0 4 3
7 3 -4 8
4 -1 7 2
6 5 -8 10
6 -9 -7 4
-1 5 -6 4
2 0 -6 9
3 -1 0 5
-8 5 5 3
-2 -7 9 6
-5 -8 2 7
16
12 50 -27 8
26 15 -83 52
59 -50 36 25
97 66 7 26
13 -88 27 96
-6 54 91 9
-26 -59 -39 58
27 -33 -76 84
-83 9 -46 75
73 -21 71 65
63 -72 5 80
-96 36 -49 54
77 36 -8 62
-6 -87 39 63
62 -26 -30 20
-87 98 32 13
16
-34 -65 -79 77
-39 -37 50 77
41 -39 -69 30
99 -48 55 76
40 87 91 90
-70 17 60 56
10 -32 -15 56
84 -36 61 75
16 1 18 87
9 -28 -54 42
14 -49 -82 81
97 -87 -96 70
-9 43 -97 87
-67 73 -82 61
36 1 50 80
-85 12 -91 69
16
-4 -57 -90 42
27 -39 37 88
-31 -69 -31 7
51 0 14 9
62 21 -31 50
74 -42 -44 54
-34 -40 -15 4
-98 -9 11 17
77 -25 66 6
-49 -6 23 78
68 82 31 72
98 -74 9 99
72 -15 60 89
26 -93 -20 4
-43 -80 29 18
13 -89 -24 9
16
-67 -13 80 12
31 -35 -76 72
-70 13 29 89
29 54 72 81
28 -15 -12 86
-92 -48 -11 95
40 65 -19 78
0 -65 -2 95
-74 74 -42 55
6 91 -48 26
11 -19 -51 67
70 -43 11 5
-65 -98 44 47
38 52 -88 47
88 23 -60 56
11 21 48 58
16
-53 -47 -80 63
-19 54 -37 50
-85 -75 -16 44
88 -44 0 83
2 -49 19 2
99 -15 67 72
-56 -21 56 86
-24 28 65 80
18 13 32 29
-51 -81 71 75
38 45 45 89
53 -73 -4 95
21 -25 -20 61
-52 -40 -68 59
-91 -32 88 77
85 -64 -15 21
15
20183462 3532426 40075036 14349901
5351758 -14368397 35213637 4826353
11312091 34070685 21237849 1720368
12037073 19591837 38388613 18957083
-41903980 30907080 41962485 13422381
37669340 9961368 24796260 41356631
15641715 28372070 -23198202 18296465
26625140 -2205919 11185172 37248263
5205603 -11837162 6678641 2649750
4272945 -42629399 40444944 31530648
20873023 10708183 -13260332 27846722
-18647622 28332273 -35860099 3944971
-2677089 -23382320 16935264 19370453
-23613905 22020202 -39535643 16396400
-35612406 -3558865 25434533 13010162
5
4 6 -1 10
1 6 7 10
2 8 1 3
9 -8 -2 2
3 1 3 3
16
-3 -4 6 10
4 3 -1 6
3 6 6 8
0 -3 -2 1
-7 7 -2 6
-8 4 5 5
-8 -1 -7 7
3 5 1 4
3 -3 -3 6
5 3 -4 9
-1 5 4 4
1 -9 6 6
-7 8 5 8
-8 -3 3 10
-7 0 -5 2
-9 -4 9 3
16
12 94 98 18
-45 95 29 47
21 -55 91 32
68 -84 -85 88
81 35 -74 79
-72 -47 72 44
2 -42 -30 89
-21 19 59 70
-97 56 83 25
-9 -54 -15 4
39 -98 4 69
35 57 47 51
59 19 27 87
62 -63 -49 6
-16 60 67 50
-23 18 -41 20
16
0 5 4 10
-4 -6 -9 1
-4 1 9 9
-6 6 -4 7
4 9 5 7
1 -8 5 5
-5 -5 0 3
9 0 0 2
-4 0 -6 6
-1 1 -5 2
-3 6 -9 4
-9 -5 8 7
8 0 8 5
-4 -9 -2 10
9 2 4 5
-3 0 -3 6
3
1 1 1 2
2 3 4 1
5 6 7 1
16
30 60 57 32
-48 30 34 66
12 56 34 86
18 -1 -69 54
-14 7 -55 33
-12 -64 30 78
64 42 60 99
47 -83 -76 73
98 26 -3 10
10 41 -47 36
-77 -64 -11 23
-72 -20 68 37
-44 61 -21 8
24 16 -28 61
-75 96 70 50
-82 71 77 78
16
0 -9 4 9
8 -2 -7 6
5 -1 -7 5
-1 0 0 1
-9 4 -3 2
-9 -1 -8 3
-5 0 -5 9
4 -4 8 1
8 0 7 10
2 2 9 4
-7 6 6 6
-3 5 0 8
8 8 6 6
-5 -7 -9 2
-8 7 -7 1
-5 -7 2 10
5
-26103924 19644345 -36384284 1335568
19525269 27936406 20696176 19901155
-5131514 7245865 26415190 30909209
-20113394 -25637941 -21966925 6216131
18416466 36571717 30484719 19714444
5
-3 -3 4 2
0 -2 -9 5
-1 4 -4 8
0 -7 -8 9
-1 1 6 4
16
-9 6 8 1
-5 6 7 6
1 6 -1 9
-1 6 7 7
0 -8 2 4
2 -3 -1 2
0 8 0 1
-1 9 -6 6
-3 -3 -6 5
-8 7 -7 2
8 -2 6 4
7 5 3 6
-9 -2 -1 1
9 5 5 1
-4 2 0 6
-8 0 7 9
4
1 1 1 1
2 2 2 1
4 4 4 1
5 5 5 1
16
0 -5 6 2
-2 -9 -7 2
0 -2 3 5
-3 -8 -7 4
7 6 -7 6
-6 6 -1 7
0 9 -5 10
9 4 1 2
-8 4 0 9
9 -3 4 7
-7 -2 -8 1
4 -9 -8 10
9 1 -1 9
1 -8 -5 7
-1 4 1 8
-1 -7 -2 5
16
71 66 24 33
-96 44 88 57
-9 14 -26 83
-14 10 73 44
-40 -15 61 5
38 88 9 36
49 43 -77 64
3 97 -29 75
-55 -69 0 60
13 -15 -44 39
-5 -25 11 70
-88 -32 -30 66
11 91 25 67
-25 -25 15 43
-12 -80 -38 29
-49 -98 51 33
5
0 -5 1 3
8 8 2 9
9 -2 0 1
5 7 7 7
-3 4 -7 8
16
-77951519 64197174 -47399577 29658554
-16189902 -81848684 -88891694 52369045
-14703146 43708580 -79021391 68082577
-7161247 83850863 -82772786 85158017
20638840 92309297 -64093063 42351066
90109557 -72009619 -89909802 66503239
64979259 -26433127 -45850905 30312552
11050058 -77012044 85257876 71976870
54208424 43312647 -82836059 38232304
33106884 80583368 54085443 44637591
-30173008 -18701673 -80541421 82395518
12570088 -91324985 -44262845 20448371
15698483 71042156 12949623 9548852
-74402599 -47781154 -15760138 45847616
48462498 -69102123 39680693 81348619
27782960 -49921897 -48860534 42590113
16
-89554892 -56693480 -5708047 72422001
-7223561 77102560 15227420 25186945
67252538 -76524280 -77623110 33749619
-34588291 -783843 45896800 21418645
45531789 -37294346 80103607 24469143
38328006 -96891143 -22657159 73187015
-90400931 98373958 57180076 31248156
-34803186 -17514125 10773621 92169875
-9186773 13588518 22223491 42321597
-2327098 19307090 -65906537 38723025
-88563696 64426390 65820810 89134451
23000886 72898957 22465547 32228254
-33239168 -76914479 -35716170 2177209
57939661 -97015156 96321961 53438216
14744850 44677591 -37810529 87305879
-56147691 28956680 -67151971 41985355
3
1 1 1 1
2 2 2 1
4 4 4 1
16
-59939776 82633088 -47122794 59270890
-86548073 -98049555 -94267947 57806510
98283085 9021271 17506082 4156828
-58595138 90517171 84117260 50626013
-3005324 69332195 61861504 18293387
-8984299 30080627 3245268 78015906
-50029567 35822414 97741794 87171820
67764228 91328646 -58414203 40275177
-95047815 -90901188 36244799 66030944
50622655 36840681 40192441 7655679
-43437709 85671584 20890856 46812633
71149002 33984451 -43091164 17788950
1505368 -58064125 20173998 99639028
8935149 65669970 83979126 71681112
24171567 31853141 -69516155 66109257
90407012 65438240 67938168 52985598
5
4 -9 -9 8
2 -5 0 1
0 -5 -6 1
0 -6 0 2
1 8 -8 8
16
-95546789 91619389 -39391255 92266404
4329293 -37959855 -4892300 77417692
64070855 63425829 10138642 55927657
74827742 -11814487 -12401000 51915681
-63831021 6576317 65496356 20825119
4887612 -65607873 50482364 21575728
-55374664 -98993418 -48927658 47600166
-11582652 -3527822 -53390169 35237307
65791170 -87152986 -75322270 94032706
-93334978 67374175 39442783 12472201
-89925147 34047927 -31688156 17261684
80615814 -64861849 -24703001 83641567
78093171 -18878872 2164122 31055589
-30002744 -25088293 1751578 21560314
93710714 -86548865 72059701 33968378
-3747858 3746413 1615081 29078492
16
26412524 7517198 4878270 41875775
-83994751 -70466936 -75634523 71078632
-86925781 -3475169 -46376824 99003568
-42680547 -91273694 -50586045 60538480
-81758046 -28027059 -2641149 47458016
-60035772 -89333789 70361272 66377932
-98512147 89972914 -44332778 33544596
90709602 -85064514 65606638 94111997
-68709035 54650475 90098980 63670358
-45256482 11128372 -24411370 1839130
-47288994 20733412 92720192 83755423
37052970 17300018 36141072 66185427
-54264062 60297422 3971106 25956533
46586439 -89626889 -78428984 2167880
2840354 -56523360 -71545718 963196
-64265910 -84718617 -97150213 34114158
16
9 6 -1 5
1 7 4 4
-1 6 -1 1
0 6 2 6
-9 1 -1 6
3 1 4 9
0 -1 3 4
-7 -5 -7 8
-9 -5 2 2
4 -8 0 8
7 -8 -4 4
-8 -6 7 5
-4 -4 -1 7
-3 0 5 1
8 0 2 5
-6 7 3 4
5
-26290739 -24257788 -17496055 3698655
-4597037 27922301 23981129 24878192
103780 -17250975 2231150 23239823
12208861 19090427 801690 26362190
21312394 -14326252 -23872279 5130941
16
89 -65 -55 100
-41 -88 -6 54
58 -96 26 49
-25 -17 27 17
-52 -29 43 93
98 -91 59 98
-18 2 55 92
-81 -39 60 27
87 -94 62 86
5 29 -42 48
-54 96 4 1
-11 91 50 4
10 -29 0 42
62 78 -22 77
17 -23 89 44
45 95 71 54
16
5 7 -1 8
-8 4 -6 5
-2 -5 -5 3
2 -3 8 7
7 0 0 2
-4 8 -4 2
3 -5 6 7
3 -9 2 9
0 7 -4 8
-7 -8 0 4
4 -6 -4 5
0 -1 4 1
6 -9 5 10
-9 8 0 10
-2 -5 -5 7
0 3 1 9
16
70 -59 20 31
70 -20 -79 3
50 75 -4 18
-77 -57 6 42
28 62 -17 94
37 -23 -28 95
59 -48 -25 6
81 74 -3 17
61 -9 -78 93
-95 85 -97 44
77 89 -77 46
54 -2 -64 47
19 -62 -46 27
77 18 91 58
-88 -52 77 54
-6 50 -96 49
16
-40 -37 38 28
-88 -14 -67 37
49 -96 -42 40
93 19 -87 13
79 -32 -9 69
48 48 31 96
-98 -31 -97 37
-39 76 -81 15
20 -79 -12 71
-22 91 -35 11
-18 -57 -58 69
55 5 -97 84
78 -49 58 51
22 21 77 71
-64 80 56 52
-14 -72 -47 20
16
1 3 -6 10
9 0 0 9
-7 -9 -9 6
-9 -3 0 6
-8 -3 2 2
0 -3 -1 8
3 6 -3 4
4 -8 -3 4
-4 0 -8 4
0 6 0 2
1 1 -6 7
2 9 0 3
-3 -7 0 2
8 -6 -7 4
7 5 9 7
-5 -2 -7 5
4
33511486 20175238 4547679 258817
-6863578 6902709 21870197 1528586
31170418 -36525090 -798395 827430
-18557213 -30031916 -32367730 28642447
16
-2232923 87546349 50788522 7299575
-46542338 91841042 -6087097 44681768
13328824 -67942732 -2396578 74211173
-74346063 95440683 25820656 62427273
-85912698 -84487018 -15792296 13211246
19097170 -73027172 46979407 30982610
-5582856 28180728 41806976 62862352
-96719906 89589875 -57391314 66955003
-83211970 81898626 13863668 9786642
82172316 75514239 -54317028 71941700
-1296435 -55440660 73675869 78307324
-67999197 -93686026 -89919902 88301426
47311217 -7772779 1515513 4680561
15379181 -14467201 99508766 51337337
-6342146 -23279035 56965181 67034225
30641050 -97857899 -47118637 15875703
16
91288396 -30041053 -85896373 43307882
32803124 88476592 4414356 70426116
79929894 91495746 67024036 82953024
44249443 96569175 90787649 23954297
-61442508 89379351 80698124 86096053
-66594497 -29403933 -87479205 97100885
-44409914 67526999 56070529 45995589
23094565 -81464963 -3853137 53777762
-47157138 77732057 -6285813 66363256
-39500289 52459307 92408149 10525112
-79887354 60142347 -52038884 53669781
-8109413 99665368 81874727 3580692
-38244216 57358453 23942352 46517354
-82744517 12880608 -51315493 80855945
-96239994 43897408 -57012328 5457322
61567564 -59127101 75950251 53397308
16
58789876 22360667 96980835 71848227
3263864 73691862 1765419 96639475
-67323192 75748907 -43146283 85252455
-49041814 4465786 -82144423 47560374
78740364 -84694820 -13724152 93626996
-10704987 65475221 -92342737 82514637
-94108157 -79154110 -27652220 28086588
23314855 65855393 -60085340 60517747
-94746115 -8078119 -1687119 63533073
-67927623 -57160067 -97373276 92601464
42232366 -27632451 -11672168 2804577
-91840740 83407515 47756875 40028619
7842215 546364 -79116481 28591163
33319952 -92124234 58774905 79880187
-8664534 24998001 96303723 92270128
60492243 95074703 78655649 67488581
16
73 -56 14 34
14 -26 66 50
-88 -25 96 29
37 -71 95 92
18 44 -28 76
-42 -60 9 39
75 -39 6 22
54 -49 -41 79
-36 22 48 47
-28 -74 66 81
-75 70 -15 67
-73 -87 93 24
-34 1 -53 78
53 -75 -65 5
32 -84 61 59
-76 24 -44 82
16
34 -60 38 17
-89 -94 -31 47
-11 -31 31 46
30 -23 -47 58
-44 90 81 68
72 -83 79 87
-63 32 -48 88
-32 32 -56 2
55 -58 -33 30
-15 -96 98 5
29 91 -83 67
-84 5 -10 79
18 -31 -51 25
84 -53 42 43
92 -99 48 67
-83 -84 56 84
16
-40 16 -4 78
-45 -44 -69 82
-28 66 -22 65
-93 4 -42 46
-51 -55 -56 30
-61 59 -78 57
0 89 73 56
-47 19 44 5
-38 -1 -74 86
83 14 -1 55
32 62 86 13
12 -67 -13 53
-9 8 86 90
-12 -74 -99 44
53 -50 99 18
37 -81 -24 62
16
63 -43 -69 99
-71 38 -47 19
-84 -23 76 56
24 11 -39 97
40 23 83 76
-4 -74 46 40
-93 57 99 8
-27 -14 -71 31
62 -78 -15 60
50 34 75 82
22 -20 -56 50
55 56 49 38
-72 -19 -98 91
-65 -49 -71 22
46 2 72 89
-28 -89 69 70
10
-44500733 42262145 -75314657 19565356
15587347 17755388 66813426 26373465
17300870 58748920 62615227 39628707
-76821880 -22789524 -87551707 27936318
79104795 47327515 -37290986 48440391
-19069376 -68005745 22148604 47185055
88962030 -77409012 71442193 17503395
-44371647 -60982593 10916501 39548600
-4931941 -71335410 -43791127 28270718
-84932607 -76711107 -34073952 48972934
5
2 7 4 6
-9 7 4 5
-2 -8 5 3
8 0 4 8
7 6 -6 9
4
-17637082 -3303900 -11155889 23612532
4695227 -11716070 26639306 3771165
20754607 19775451 774842 15018945
-11138471 -18186301 7122320 6960281
5
9 -9 0 10
-2 -9 -6 2
-6 -1 2 9
9 6 -6 1
3 8 -2 2
16
0 -1 1 8
9 -8 -2 1
-2 -5 4 8
-3 4 3 1
-1 9 3 4
4 0 3 4
5 6 -1 8
-7 6 0 2
-5 -1 8 2
3 -4 5 4
-8 -9 -9 6
2 2 -9 3
-2 -3 0 7
0 -7 -5 2
2 4 -7 6
8 1 -8 3
16
81 50 -4 64
30 -29 51 99
66 41 -97 53
-35 80 56 26
-7 9 -77 38
-81 0 -55 72
-58 21 89 8
86 -11 -71 10
27 -86 -35 80
-12 -68 60 10
-15 -32 -40 50
81 -8 -56 93
-79 53 -85 46
-72 77 -42 82
2 -42 19 95
12 -95 96 14
16
-5 -77 -71 95
-65 -73 -40 85
95 -87 -81 23
81 22 -10 36
39 45 64 31
35 76 39 50
-31 -33 4 53
-85 75 -82 98
-92 -84 19 29
35 -10 26 76
18 -25 44 77
-48 -81 46 56
-28 -4 -22 57
-94 -84 75 53
-54 80 -21 74
-65 -2 -2 3
1
1 1 1 2
16
69 95 -65 55
92 81 23 41
32 -26 14 69
67 57 8 4
98 -23 -66 22
32 27 -78 65
-1 57 -31 62
-97 -81 -19 96
-79 -50 67 45
-34 18 -35 43
14 -58 -71 54
2 66 87 18
-59 64 -62 17
-30 60 34 35
69 -76 82 56
6 60 -4 13
