100
1
19
23
1111
99001
101001
998999
101
32
999900
12
999901
1001
199
524288
111
29
7
1999
999999
10101
1000000
901
11101
32
999899
10001
10100
12000
19
2002
543210
1099
1000
100
654321
12001
11001
999000
2000
109876
990000
11010
201
900
9
1101
989999
999001
10000
999990
1100
11
99
990001
11011
900001
1110
999
10011
999991
900000
101000
90
91
20
200
1998
10110
10010
10
234567
2
999989
100000
10111
31
876543
11110
30
899999
11000
22
2101
99000
999998
110
2201
2001
11111
21
11100
2200
10999
7777
2100
102
100001
32768
9999
