50
2
2 2
3
3 2 2
3
1 1 2
3
2 3 1
10
9 1 9 1 9 1 9 1 9 1
3
4 2 2
17
46 67 58 66 51 57 64 58 62 57 50 68 59 67 50 55 61
25
42 37 31 38 51 39 40 30 44 40 48 39 47 29 38 33 30 38 45 37 38 36 51 47 46
26
278 239 20 26 26 15 11 17 23 16 19 26 30 19 27 23 18 19 18 22 15 21 19 14 22 17
5
208 195 191 207 193
26
30 40 40 32 38 31 34 39 47 42 38 51 41 52 38 46 32 25 49 45 37 39 32 32 34 36
18
48 40 64 54 53 63 53 60 60 45 57 49 45 70 64 66 45 64
3
340 325 333
2
4 4
3
3 2 1
21
56 49 52 51 35 55 48 62 42 47 52 48 51 39 47 39 51 44 39 39 53
3
314 364 316
26
36 45 35 31 27 40 41 35 45 35 44 38 43 38 36 34 29 37 47 44 44 43 38 33 41 41
21
44 43 40 51 62 46 38 43 46 45 56 48 49 45 51 48 40 44 45 48 60
7
144 155 145 116 141 155 142
3
1 3 3
26
42 34 34 37 39 39 39 43 46 47 36 34 42 37 32 40 34 32 39 55 23 32 31 41 49 43
26
17 20 23 138 27 20 20 17 151 14 12 21 142 17 11 20 22 26 17 19 17 26 25 130 21 27
26
164 157 150 120 13 16 12 19 23 17 19 18 23 18 19 28 15 21 16 18 17 18 21 24 20 14
26
38 44 32 50 40 41 41 34 32 44 31 25 38 39 47 35 39 45 35 32 48 30 45 37 39 38
26
25 1 1 1 1 1 1 1 1 1 1 1 1 1 1 1 1 1 1 1 1 1 1 1 1 1
26
172 196 179 16 24 18 22 14 19 15 14 17 14 14 27 28 19 26 14 37 19 22 22 15 19 18
26
1 1 1 1 1 1 1 1 1 1 1 1 1 1 1 1 1 1 1 1 1 1 1 1 1 1
3
1 2 3
15
65 65 64 72 72 68 64 74 58 73 59 69 63 73 59
3
2 3 2
26
176 158 191 23 17 18 25 31 21 22 22 23 18 16 22 10 18 20 34 21 19 15 23 15 23 19
26
22 241 23 18 14 16 13 22 22 16 20 19 21 18 16 20 279 22 21 19 21 20 26 25 23 23
22
42 49 41 35 52 42 37 49 39 52 41 49 41 39 55 46 34 60 47 37 50 56
26
138 24 23 22 9 21 20 20 15 25 15 23 18 20 18 19 23 21 27 18 133 22 145 16 150 15
3
2 4 2
26
158 151 120 132 17 18 15 24 19 19 22 18 23 16 24 10 21 16 27 16 31 17 21 23 19 23
26
34 50 42 38 44 41 28 36 27 32 33 38 28 37 38 38 49 48 45 37 34 40 45 36 52 30
18
59 59 44 63 65 52 68 44 53 65 58 54 47 59 47 48 61 52
26
18 17 130 18 20 19 19 22 20 24 18 138 16 157 17 24 16 22 25 22 16 25 25 23 135 14
16
1 1 1 1 1 1 1 1 1 1 1 1 15 1 1 1
23
40 44 41 35 50 42 41 65 48 44 42 47 31 46 33 43 45 41 37 41 45 51 45
11
86 92 80 86 86 76 106 94 94 103 92
26
20 1 20 1 20 1 20 1 20 1 20 1 20 1 20 1 20 1 20 1 20 1 20 1 20 1
3
2 4 3
3
2 2 1
3
4 1 3
3
2 2 3
26
34 30 33 43 45 46 39 35 39 31 52 48 42 32 46 33 25 38 34 36 42 30 39 38 51 39
26
32 43 41 41 35 42 46 30 44 38 39 45 36 38 41 30 39 50 27 42 43 29 41 34 40 34
