100
5 4
2 1
4 20
43 1710550618519
7 8
7 16
15 8041
32 594582636
43 1531000881247
7 5
4 5
22 471744
33 1030717780
29 83906251
28 31192857
26 4380849
49 281474976710656
45 1282249685022
7 14
4 2
7 13
50 1
36 14188017862
25 6287990
38 6142938893
8 8
25 8388609
3 2
42 867173032963
14 691
7 21
34 3846169044
7 32
50 999999999999999999
4 3
25 1000000000000000000
2 1000000000000000000
4 1
7 33
7 6
7 15
12 871
37 2313422385
7 24
7 22
25 252525
7 12
21 352122
50 281474976710656
30 45720498
50 281474976710657
7 2
7 27
23 2084790
49 140737488355328
9 51
50 140737488355328
7 31
7 17
7 23
22 246285
4 4
38 30849170997
7 18
7 19
27 22256038
7 1
7 28
41 191082693137
7 25
50 105553116266496
16 3836
7 10
49 140737488355329
7 11
50 281474976710655
7 7
41 509726217044
28 60295943
43 260196670776
17 30804
7 29
7 9
46 11945984281017
7 20
13 783
7 26
26 76912
36 9155349565
7 30
2 2
50 1000000000000000000
7 4
3 1
18 34332
8 61
3 3
46 11313832184212
31 24355685
7 3
