50
3
1 2 3
2 3 5
3 5 6
2 3 4
1 2 3
2
3 4
3 4
1 3
3
3 4 5
1 2 3
2 3 4
3 4 5
1 2 3
2
2 6
6 8
4 8
4
4 5 6 7
2 3 4 5
3 4 5 6
1 2 3 4
4 5 6 7
2 3 4 5
1 2 3 4
4
9 11 14 15
6 9 11 13
4 9 11 14
3 6 9 12
12 14 17 19
7 11 14 17
3 4 7 9
3
2 7 8
2 4 7
7 16 21
8 15 21
4 12 15
4
2 4 5 10
7 10 11 13
8 9 12 13
3 5 6 12
1 2 3 8
2 4 5 9
1 2 3 7
2
2 22
2 22
22 222
4
7 12 15 16
5 10 12 13
4 7 10 12
1 4 7 9
1 2 5 7
7 8 12 15
2 7 8 10
5
18 19 23 30 32
2 7 12 14 18
15 19 25 27 32
2 5 6 11 15
6 10 18 20 23
14 16 20 25 27
12 14 18 23 25
5 8 14 16 19
11 12 23 25 30
2
2 4
2 6
4 8
8
4 5 6 9 10 11 13 15
6 8 9 10 11 12 15 16
10 11 12 15 17 21 23 25
14 17 18 20 22 25 27 28
13 15 16 18 20 25 27 28
7 9 10 13 14 17 18 20
10 12 13 14 15 17 18 20
11 13 15 17 18 23 24 27
11 13 15 17 19 21 23 25
2 3 5 7 8 10 11 13
3 5 8 9 12 13 15 17
12 15 17 18 20 23 24 27
2 4 6 8 10 11 12 14
8 9 11 13 14 15 17 18
8 10 11 14 15 19 20 22
7
1 2 3 4 5 6 22
4 9 13 16 17 18 28
2 7 8 9 10 11 24
6 11 15 18 20 21 33
3 8 12 13 14 15 26
22 24 26 29 30 32 34
6 11 15 18 20 21 32
3 8 12 13 14 15 27
5 10 14 17 19 20 30
4 9 13 16 17 18 29
5 10 14 17 19 20 31
2 7 8 9 10 11 25
1 2 3 4 5 6 23
7
93 99 121 142 161 165 209
28 35 36 55 76 99 103
102 124 146 171 195 209 217
42 53 60 78 102 121 142
48 55 78 100 113 133 171
31 36 60 79 98 117 146
20 35 53 74 92 104 124
79 104 117 133 158 165 174
5 20 31 48 72 93 96
96 103 142 161 169 174 217
72 76 102 109 133 158 195
71 92 98 113 133 161 169
53 74 79 100 109 142 161
8
5 6 8 13 14 15 17 22
6 7 9 16 17 19 21 24
3 5 6 9 12 14 15 16
19 22 24 25 28 30 34 35
14 16 19 21 25 26 29 30
7 8 9 14 16 19 22 25
9 11 14 17 19 22 24 25
5 6 7 11 15 16 19 20
10 13 16 17 20 21 25 27
11 14 17 19 22 25 26 28
13 15 19 22 25 26 27 30
15 19 22 25 26 27 31 34
3 5 7 10 11 13 16 19
16 17 21 24 27 29 31 34
16 20 25 27 28 30 34 35
10
1 2 3 4 5 6 7 8 9 46
4 12 19 25 26 27 28 29 30 53
8 16 23 29 34 38 41 43 44 60
3 11 18 19 20 21 22 23 24 50
2 10 11 12 13 14 15 16 17 48
7 15 22 28 33 37 40 41 42 58
1 2 3 4 5 6 7 8 9 47
5 13 20 26 31 32 33 34 35 54
5 13 20 26 31 32 33 34 35 55
9 17 24 30 35 39 42 44 45 62
46 48 50 52 54 56 59 60 63 64
6 14 21 27 32 36 37 38 39 57
3 11 18 19 20 21 22 23 24 51
9 17 24 30 35 39 42 44 45 63
8 16 23 29 34 38 41 43 44 61
7 15 22 28 33 37 40 41 42 59
4 12 19 25 26 27 28 29 30 52
2 10 11 12 13 14 15 16 17 49
47 49 51 53 55 57 58 61 62 64
7
4 7 8 11 13 16 18
6 8 13 16 17 18 20
13 16 17 19 20 23 26
17 19 20 23 26 29 30
3 5 6 9 10 11 12
12 18 21 23 26 29 30
16 17 18 22 24 26 29
11 16 20 22 23 26 29
7 10 13 15 17 20 21
9 11 15 17 19 22 23
10 13 16 17 19 22 23
3 4 7 10 13 16 17
5 7 10 13 16 17 19
10
1 2 3 4 5 6 7 8 9 10
10 11 12 13 14 15 16 17 18 19
6 7 8 9 10 11 12 13 14 15
7 8 9 10 11 12 13 14 15 16
3 4 5 6 7 8 9 10 11 12
6 7 8 9 10 11 12 13 14 15
4 5 6 7 8 9 10 11 12 13
8 9 10 11 12 13 14 15 16 17
9 10 11 12 13 14 15 16 17 18
1 2 3 4 5 6 7 8 9 10
3 4 5 6 7 8 9 10 11 12
5 6 7 8 9 10 11 12 13 14
5 6 7 8 9 10 11 12 13 14
4 5 6 7 8 9 10 11 12 13
7 8 9 10 11 12 13 14 15 16
9 10 11 12 13 14 15 16 17 18
2 3 4 5 6 7 8 9 10 11
8 9 10 11 12 13 14 15 16 17
2 3 4 5 6 7 8 9 10 11
3
3 4 5
1 2 3
2 3 4
1 2 3
2 3 4
2
4 8
2 4
6 8
7
10 15 16 18 21 24 28
14 17 22 25 28 29 32
7 10 12 15 18 20 22
3 5 7 8 10 11 14
4 8 10 12 15 16 17
5 8 9 11 13 14 16
7 13 18 20 21 22 28
8 12 14 16 20 22 25
11 16 19 21 22 25 29
6 11 15 16 18 21 25
8 14 20 22 24 25 29
3 4 5 6 7 8 10
5 9 12 14 16 19 22
8
12 15 16 19 21 23 26 28
5 10 15 17 20 25 28 30
22 25 26 29 33 36 40 42
19 20 22 23 27 32 35 38
4 8 12 16 19 22 23 24
12 14 19 22 23 29 30 33
16 18 23 28 32 36 38 42
13 17 21 24 27 33 34 37
4 5 8 12 13 16 18 20
16 17 19 22 24 28 32 36
20 23 28 36 38 42 46 51
18 19 26 32 35 40 43 47
24 30 31 33 37 42 47 51
23 28 29 30 34 38 43 46
8 10 13 14 17 18 19 23
10
4 7 11 15 19 21 23 24 25 29
24 26 29 36 39 41 44 47 53 54
21 24 25 33 36 40 41 43 49 51
15 20 24 25 29 32 35 39 41 44
11 16 19 23 24 26 29 33 35 40
19 21 24 29 35 38 39 40 45 50
1 3 6 9 11 14 15 19 21 24
6 7 11 15 19 21 24 27 30 33
16 24 27 31 33 36 38 40 43 47
3 6 7 8 12 16 20 24 27 28
6 8 15 18 23 25 27 29 33 36
1 3 4 6 8 12 15 16 20 22
3 6 7 13 16 17 20 21 24 26
22 28 33 37 40 44 48 50 51 54
12 16 21 23 26 31 33 38 40 41
15 20 23 27 32 33 35 38 42 48
8 12 19 20 24 29 32 35 36 39
9 13 15 18 20 23 25 31 33 37
14 17 21 25 29 31 32 36 38 44
3
5 8 9
2 5 6
2 4 5
6 10 13
5 9 13
10
3 6 9 12 13 16 18 19 20 21
6 8 11 13 14 15 17 19 21 23
13 15 16 19 20 24 27 29 30 31
16 19 22 24 29 32 33 34 40 42
16 17 20 21 24 27 30 32 35 36
9 12 13 15 16 17 20 22 25 26
19 23 25 28 31 32 33 34 40 43
10 14 16 19 20 24 27 31 34 36
18 23 26 27 31 36 39 43 46 47
18 20 21 22 27 28 32 33 37 39
8 13 15 16 19 21 22 28 29 30
5 8 12 13 15 17 20 23 25 27
3 5 7 8 10 12 15 16 17 18
17 21 25 26 30 35 37 40 42 45
7 11 13 14 16 20 21 25 27 29
21 27 29 30 36 39 40 42 45 47
12 15 17 21 24 27 28 32 36 39
12 13 14 16 19 21 22 24 26 27
20 25 27 29 34 36 38 40 42 46
2
22 222
22 222
2 22
7
3 5 6 8 10 11 12
6 8 9 10 12 13 16
2 3 5 6 8 10 11
8 9 10 12 14 17 18
8 10 11 13 14 15 17
3 5 6 7 9 11 13
4 6 7 9 11 13 15
10 11 13 15 17 18 20
10 13 15 16 17 20 21
11 12 15 17 18 20 21
6 7 9 10 13 15 17
5 6 7 9 10 12 15
9 11 12 13 15 18 20
4
9 10 11 12
1 5 9 13
5 6 7 8
2 6 10 14
1 2 3 4
13 14 15 16
3 7 11 15
2
1 4
1 4
4 7
4
8 9 11 13
6 8 11 13
2 3 4 6
4 6 7 8
2 4 6 8
6 7 9 11
4 7 9 11
9
6 8 10 12 14 15 16 19 20
6 8 9 12 13 14 15 17 20
12 16 18 20 22 23 25 27 28
1 3 5 6 7 8 10 12 14
10 12 14 15 19 21 23 24 25
8 12 14 15 17 18 21 23 24
12 14 16 17 20 23 24 26 27
3 5 6 8 10 12 13 14 16
7 10 11 14 15 17 19 20 22
14 15 18 20 22 24 25 27 28
3 5 6 8 9 10 12 14 15
11 14 17 19 21 22 24 26 27
7 9 11 13 15 17 19 21 22
8 10 13 14 17 18 20 22 23
9 13 15 16 19 20 23 24 25
5 6 8 9 11 14 15 17 18
1 3 4 6 7 8 9 11 12
10
73 122 123 142 177 202 222 242 253 264
42 50 58 72 90 105 138 159 168 185
46 76 90 104 122 133 152 177 199 207
114 147 185 195 197 217 262 264 290 296
92 145 163 181 207 220 254 277 284 296
71 111 116 136 152 182 188 227 247 262
70 92 103 126 133 165 183 203 216 217
44 65 67 89 104 116 144 171 187 195
28 43 58 67 70 103 116 123 156 163
74 133 156 174 199 212 241 252 266 290
43 60 72 89 99 126 136 142 174 181
56 66 70 99 122 144 148 172 191 197
57 99 105 116 144 165 182 202 212 220
25 29 43 60 76 99 116 132 133 147
69 116 138 144 148 183 188 222 241 254
24 29 50 65 66 92 111 122 133 145
72 132 159 171 172 203 227 242 252 277
23 25 42 44 56 70 71 73 74 92
90 133 168 187 191 216 247 253 266 284
8
3 4 7 8 10 11 13 15
1 3 4 6 7 8 9 11
3 4 5 8 10 11 13 14
8 10 11 14 15 18 20 21
4 5 8 9 11 12 15 17
8 11 14 16 18 20 21 23
12 15 17 19 20 23 26 28
6 8 10 12 14 16 18 19
5 7 8 10 12 14 15 16
11 14 16 18 21 24 25 28
1 3 5 7 8 10 11 12
9 13 15 17 20 22 24 26
11 13 15 18 19 21 24 25
7 10 12 13 15 18 19 20
7 8 9 12 13 16 17 18
7
5 12 19 26 33 40 47
43 44 45 46 47 48 49
29 30 31 32 33 34 35
1 2 3 4 5 6 7
4 11 18 25 32 39 46
1 8 15 22 29 36 43
6 13 20 27 34 41 48
15 16 17 18 19 20 21
2 9 16 23 30 37 44
8 9 10 11 12 13 14
3 10 17 24 31 38 45
36 37 38 39 40 41 42
22 23 24 25 26 27 28
4
45 59 99 115
3 19 40 45
19 40 62 81
23 40 44 59
59 81 94 115
48 62 81 99
40 44 81 94
5
3 5 9 10 11
6 8 10 12 14
6 8 12 14 16
1 3 5 6 7
1 2 3 5 6
3 4 5 7 8
7 9 11 14 16
5 7 10 12 14
5 7 9 10 12
7
5 6 7 8 9 10 11
5 6 7 8 9 10 11
4 5 6 7 8 9 10
1 2 3 4 5 6 7
3 4 5 6 7 8 9
3 4 5 6 7 8 9
7 8 9 10 11 12 13
6 7 8 9 10 11 12
6 7 8 9 10 11 12
2 3 4 5 6 7 8
7 8 9 10 11 12 13
2 3 4 5 6 7 8
4 5 6 7 8 9 10
8
12 16 20 23 25 31 36 41
6 9 16 18 24 27 30 32
22 27 29 31 33 43 48 53
26 30 32 34 35 46 53 56
12 17 23 25 29 31 34 36
19 24 26 29 32 38 43 47
20 29 36 39 43 48 53 57
4 6 8 12 16 19 20 25
19 27 31 33 38 43 46 47
14 18 23 25 29 33 39 45
8 13 20 23 26 29 32 34
16 22 25 29 32 33 35 37
31 32 34 36 37 47 57 61
7 9 13 17 22 27 29 34
25 34 41 45 47 53 56 61
4
6 8 9 10
4 5 7 9
3 4 5 6
4 5 7 9
3 4 5 8
2 3 4 5
5 6 9 10
7
1 3 5 7 8 9 11
8 9 12 13 15 17 19
11 12 15 17 19 21 23
5 7 8 9 10 11 13
9 11 13 15 16 19 21
7 8 10 11 13 14 15
1 3 4 5 7 8 9
5 7 9 11 13 15 17
3 4 7 8 9 11 12
4 5 8 10 12 13 15
8 10 11 14 17 19 21
9 11 13 15 19 21 23
7 8 10 13 15 16 19
2
2 6
6 8
2 4
10
4 7 9 11 13 14 17 19 20 22
3 6 8 9 11 13 15 17 19 21
9 12 13 16 17 18 22 24 25 26
11 13 14 17 18 20 24 26 28 29
13 14 15 18 20 21 26 27 30 31
7 10 12 14 16 17 21 22 23 24
6 9 11 13 14 16 19 20 21 23
14 16 18 20 21 22 28 29 31 33
1 3 5 6 8 9 10 11 13 14
2 4 7 8 9 11 12 14 15 17
3 4 6 7 9 10 12 13 14 16
1 2 3 4 6 7 9 11 13 14
14 17 21 22 23 24 26 29 31 33
9 11 13 14 16 17 18 20 21 22
5 7 8 9 11 12 13 14 15 18
13 15 19 20 21 23 25 28 30 31
11 14 17 19 20 22 24 26 27 29
10 12 15 17 19 21 22 24 26 28
8 9 11 13 14 16 17 18 20 21
10
7 11 12 15 18 22 24 26 31 33
11 18 19 22 23 27 29 30 35 36
10 17 20 22 25 27 29 30 33 37
4 7 10 12 15 18 19 22 25 27
12 20 22 25 26 29 32 33 35 40
4 7 8 11 14 17 20 22 23 26
8 14 16 19 21 23 26 27 32 35
9 12 14 15 19 22 25 26 29 32
7 10 11 12 16 20 22 24 25 27
2 4 6 7 8 10 12 14 15 16
6 8 11 14 16 19 22 24 28 30
12 19 22 24 26 29 32 33 36 39
16 25 28 31 32 33 35 38 41 43
10 15 16 18 21 25 26 28 32 34
14 22 24 26 28 30 33 35 38 43
19 27 30 33 35 37 40 43 46 48
2 4 7 9 10 11 12 13 16 19
15 23 25 29 32 35 36 37 41 46
13 22 24 26 27 30 33 35 37 40
5
8 9 14 16 18
9 10 14 16 18
6 8 12 13 16
6 8 10 12 14
4 7 10 12 14
8 9 12 13 16
3 5 8 9 10
2 3 4 6 8
4 5 7 8 9
4
6 14 15 19
13 15 22 24
17 19 27 28
13 23 24 28
5 6 8 13
9 14 18 23
8 18 22 27
7
18 21 24 30 32 33 38
13 22 26 30 33 34 36
17 23 29 32 36 37 39
14 15 22 26 29 32 37
23 24 29 33 36 38 39
11 17 22 24 29 31 35
7 12 15 21 24 26 31
5 7 11 13 17 20 23
25 26 31 34 37 41 46
23 29 37 38 39 46 48
20 26 32 33 38 41 44
5 9 14 18 23 25 30
9 12 17 22 23 26 29
10
91 92 93 94 95 96 97 98 99 100
3 13 23 33 43 53 63 73 83 93
21 22 23 24 25 26 27 28 29 30
4 14 24 34 44 54 64 74 84 94
6 16 26 36 46 56 66 76 86 96
41 42 43 44 45 46 47 48 49 50
71 72 73 74 75 76 77 78 79 80
1 2 3 4 5 6 7 8 9 10
8 18 28 38 48 58 68 78 88 98
1 11 21 31 41 51 61 71 81 91
61 62 63 64 65 66 67 68 69 70
81 82 83 84 85 86 87 88 89 90
7 17 27 37 47 57 67 77 87 97
51 52 53 54 55 56 57 58 59 60
9 19 29 39 49 59 69 79 89 99
11 12 13 14 15 16 17 18 19 20
5 15 25 35 45 55 65 75 85 95
10 20 30 40 50 60 70 80 90 100
31 32 33 34 35 36 37 38 39 40
3
2 3 4
3 4 5
2 3 4
1 2 3
3 4 5
4
10 14 16 20
2 9 10 14
5 9 11 14
6 10 13 17
1 5 6 10
1 2 4 7
4 11 13 16
