20
bheajeiiceffbhb
120
1 1
1 2
1 3
1 4
1 5
1 6
1 7
1 8
1 9
1 10
1 11
1 12
1 13
1 14
1 15
2 2
2 3
2 4
2 5
2 6
2 7
2 8
2 9
2 10
2 11
2 12
2 13
2 14
2 15
3 3
3 4
3 5
3 6
3 7
3 8
3 9
3 10
3 11
3 12
3 13
3 14
3 15
4 4
4 5
4 6
4 7
4 8
4 9
4 10
4 11
4 12
4 13
4 14
4 15
5 5
5 6
5 7
5 8
5 9
5 10
5 11
5 12
5 13
5 14
5 15
6 6
6 7
6 8
6 9
6 10
6 11
6 12
6 13
6 14
6 15
7 7
7 8
7 9
7 10
7 11
7 12
7 13
7 14
7 15
8 8
8 9
8 10
8 11
8 12
8 13
8 14
8 15
9 9
9 10
9 11
9 12
9 13
9 14
9 15
10 10
10 11
10 12
10 13
10 14
10 15
11 11
11 12
11 13
11 14
11 15
12 12
12 13
12 14
12 15
13 13
13 14
13 15
14 14
14 15
15 15
bfchgbecdccbgif
120
1 1
1 2
1 3
1 4
1 5
1 6
1 7
1 8
1 9
1 10
1 11
1 12
1 13
1 14
1 15
2 2
2 3
2 4
2 5
2 6
2 7
2 8
2 9
2 10
2 11
2 12
2 13
2 14
2 15
3 3
3 4
3 5
3 6
3 7
3 8
3 9
3 10
3 11
3 12
3 13
3 14
3 15
4 4
4 5
4 6
4 7
4 8
4 9
4 10
4 11
4 12
4 13
4 14
4 15
5 5
5 6
5 7
5 8
5 9
5 10
5 11
5 12
5 13
5 14
5 15
6 6
6 7
6 8
6 9
6 10
6 11
6 12
6 13
6 14
6 15
7 7
7 8
7 9
7 10
7 11
7 12
7 13
7 14
7 15
8 8
8 9
8 10
8 11
8 12
8 13
8 14
8 15
9 9
9 10
9 11
9 12
9 13
9 14
9 15
10 10
10 11
10 12
10 13
10 14
10 15
11 11
11 12
11 13
11 14
11 15
12 12
12 13
12 14
12 15
13 13
13 14
13 15
14 14
14 15
15 15
hgbijchjfedbcdd
120
1 1
1 2
1 3
1 4
1 5
1 6
1 7
1 8
1 9
1 10
1 11
1 12
1 13
1 14
1 15
2 2
2 3
2 4
2 5
2 6
2 7
2 8
2 9
2 10
2 11
2 12
2 13
2 14
2 15
3 3
3 4
3 5
3 6
3 7
3 8
3 9
3 10
3 11
3 12
3 13
3 14
3 15
4 4
4 5
4 6
4 7
4 8
4 9
4 10
4 11
4 12
4 13
4 14
4 15
5 5
5 6
5 7
5 8
5 9
5 10
5 11
5 12
5 13
5 14
5 15
6 6
6 7
6 8
6 9
6 10
6 11
6 12
6 13
6 14
6 15
7 7
7 8
7 9
7 10
7 11
7 12
7 13
7 14
7 15
8 8
8 9
8 10
8 11
8 12
8 13
8 14
8 15
9 9
9 10
9 11
9 12
9 13
9 14
9 15
10 10
10 11
10 12
10 13
10 14
10 15
11 11
11 12
11 13
11 14
11 15
12 12
12 13
12 14
12 15
13 13
13 14
13 15
14 14
14 15
15 15
ebbdihechhjdbji
120
1 1
1 2
1 3
1 4
1 5
1 6
1 7
1 8
1 9
1 10
1 11
1 12
1 13
1 14
1 15
2 2
2 3
2 4
2 5
2 6
2 7
2 8
2 9
2 10
2 11
2 12
2 13
2 14
2 15
3 3
3 4
3 5
3 6
3 7
3 8
3 9
3 10
3 11
3 12
3 13
3 14
3 15
4 4
4 5
4 6
4 7
4 8
4 9
4 10
4 11
4 12
4 13
4 14
4 15
5 5
5 6
5 7
5 8
5 9
5 10
5 11
5 12
5 13
5 14
5 15
6 6
6 7
6 8
6 9
6 10
6 11
6 12
6 13
6 14
6 15
7 7
7 8
7 9
7 10
7 11
7 12
7 13
7 14
7 15
8 8
8 9
8 10
8 11
8 12
8 13
8 14
8 15
9 9
9 10
9 11
9 12
9 13
9 14
9 15
10 10
10 11
10 12
10 13
10 14
10 15
11 11
11 12
11 13
11 14
11 15
12 12
12 13
12 14
12 15
13 13
13 14
13 15
14 14
14 15
15 15
gfacigaceigfaja
120
1 1
1 2
1 3
1 4
1 5
1 6
1 7
1 8
1 9
1 10
1 11
1 12
1 13
1 14
1 15
2 2
2 3
2 4
2 5
2 6
2 7
2 8
2 9
2 10
2 11
2 12
2 13
2 14
2 15
3 3
3 4
3 5
3 6
3 7
3 8
3 9
3 10
3 11
3 12
3 13
3 14
3 15
4 4
4 5
4 6
4 7
4 8
4 9
4 10
4 11
4 12
4 13
4 14
4 15
5 5
5 6
5 7
5 8
5 9
5 10
5 11
5 12
5 13
5 14
5 15
6 6
6 7
6 8
6 9
6 10
6 11
6 12
6 13
6 14
6 15
7 7
7 8
7 9
7 10
7 11
7 12
7 13
7 14
7 15
8 8
8 9
8 10
8 11
8 12
8 13
8 14
8 15
9 9
9 10
9 11
9 12
9 13
9 14
9 15
10 10
10 11
10 12
10 13
10 14
10 15
11 11
11 12
11 13
11 14
11 15
12 12
12 13
12 14
12 15
13 13
13 14
13 15
14 14
14 15
15 15
agbdijdeegaggbi
120
1 1
1 2
1 3
1 4
1 5
1 6
1 7
1 8
1 9
1 10
1 11
1 12
1 13
1 14
1 15
2 2
2 3
2 4
2 5
2 6
2 7
2 8
2 9
2 10
2 11
2 12
2 13
2 14
2 15
3 3
3 4
3 5
3 6
3 7
3 8
3 9
3 10
3 11
3 12
3 13
3 14
3 15
4 4
4 5
4 6
4 7
4 8
4 9
4 10
4 11
4 12
4 13
4 14
4 15
5 5
5 6
5 7
5 8
5 9
5 10
5 11
5 12
5 13
5 14
5 15
6 6
6 7
6 8
6 9
6 10
6 11
6 12
6 13
6 14
6 15
7 7
7 8
7 9
7 10
7 11
7 12
7 13
7 14
7 15
8 8
8 9
8 10
8 11
8 12
8 13
8 14
8 15
9 9
9 10
9 11
9 12
9 13
9 14
9 15
10 10
10 11
10 12
10 13
10 14
10 15
11 11
11 12
11 13
11 14
11 15
12 12
12 13
12 14
12 15
13 13
13 14
13 15
14 14
14 15
15 15
ejgdhiicjbdfjie
120
1 1
1 2
1 3
1 4
1 5
1 6
1 7
1 8
1 9
1 10
1 11
1 12
1 13
1 14
1 15
2 2
2 3
2 4
2 5
2 6
2 7
2 8
2 9
2 10
2 11
2 12
2 13
2 14
2 15
3 3
3 4
3 5
3 6
3 7
3 8
3 9
3 10
3 11
3 12
3 13
3 14
3 15
4 4
4 5
4 6
4 7
4 8
4 9
4 10
4 11
4 12
4 13
4 14
4 15
5 5
5 6
5 7
5 8
5 9
5 10
5 11
5 12
5 13
5 14
5 15
6 6
6 7
6 8
6 9
6 10
6 11
6 12
6 13
6 14
6 15
7 7
7 8
7 9
7 10
7 11
7 12
7 13
7 14
7 15
8 8
8 9
8 10
8 11
8 12
8 13
8 14
8 15
9 9
9 10
9 11
9 12
9 13
9 14
9 15
10 10
10 11
10 12
10 13
10 14
10 15
11 11
11 12
11 13
11 14
11 15
12 12
12 13
12 14
12 15
13 13
13 14
13 15
14 14
14 15
15 15
ahgdgbfecajhdhc
120
1 1
1 2
1 3
1 4
1 5
1 6
1 7
1 8
1 9
1 10
1 11
1 12
1 13
1 14
1 15
2 2
2 3
2 4
2 5
2 6
2 7
2 8
2 9
2 10
2 11
2 12
2 13
2 14
2 15
3 3
3 4
3 5
3 6
3 7
3 8
3 9
3 10
3 11
3 12
3 13
3 14
3 15
4 4
4 5
4 6
4 7
4 8
4 9
4 10
4 11
4 12
4 13
4 14
4 15
5 5
5 6
5 7
5 8
5 9
5 10
5 11
5 12
5 13
5 14
5 15
6 6
6 7
6 8
6 9
6 10
6 11
6 12
6 13
6 14
6 15
7 7
7 8
7 9
7 10
7 11
7 12
7 13
7 14
7 15
8 8
8 9
8 10
8 11
8 12
8 13
8 14
8 15
9 9
9 10
9 11
9 12
9 13
9 14
9 15
10 10
10 11
10 12
10 13
10 14
10 15
11 11
11 12
11 13
11 14
11 15
12 12
12 13
12 14
12 15
13 13
13 14
13 15
14 14
14 15
15 15
gabgfhfebcaabeg
120
1 1
1 2
1 3
1 4
1 5
1 6
1 7
1 8
1 9
1 10
1 11
1 12
1 13
1 14
1 15
2 2
2 3
2 4
2 5
2 6
2 7
2 8
2 9
2 10
2 11
2 12
2 13
2 14
2 15
3 3
3 4
3 5
3 6
3 7
3 8
3 9
3 10
3 11
3 12
3 13
3 14
3 15
4 4
4 5
4 6
4 7
4 8
4 9
4 10
4 11
4 12
4 13
4 14
4 15
5 5
5 6
5 7
5 8
5 9
5 10
5 11
5 12
5 13
5 14
5 15
6 6
6 7
6 8
6 9
6 10
6 11
6 12
6 13
6 14
6 15
7 7
7 8
7 9
7 10
7 11
7 12
7 13
7 14
7 15
8 8
8 9
8 10
8 11
8 12
8 13
8 14
8 15
9 9
9 10
9 11
9 12
9 13
9 14
9 15
10 10
10 11
10 12
10 13
10 14
10 15
11 11
11 12
11 13
11 14
11 15
12 12
12 13
12 14
12 15
13 13
13 14
13 15
14 14
14 15
15 15
ahbhhhhddfjjibi
120
1 1
1 2
1 3
1 4
1 5
1 6
1 7
1 8
1 9
1 10
1 11
1 12
1 13
1 14
1 15
2 2
2 3
2 4
2 5
2 6
2 7
2 8
2 9
2 10
2 11
2 12
2 13
2 14
2 15
3 3
3 4
3 5
3 6
3 7
3 8
3 9
3 10
3 11
3 12
3 13
3 14
3 15
4 4
4 5
4 6
4 7
4 8
4 9
4 10
4 11
4 12
4 13
4 14
4 15
5 5
5 6
5 7
5 8
5 9
5 10
5 11
5 12
5 13
5 14
5 15
6 6
6 7
6 8
6 9
6 10
6 11
6 12
6 13
6 14
6 15
7 7
7 8
7 9
7 10
7 11
7 12
7 13
7 14
7 15
8 8
8 9
8 10
8 11
8 12
8 13
8 14
8 15
9 9
9 10
9 11
9 12
9 13
9 14
9 15
10 10
10 11
10 12
10 13
10 14
10 15
11 11
11 12
11 13
11 14
11 15
12 12
12 13
12 14
12 15
13 13
13 14
13 15
14 14
14 15
15 15
cggadiabcfajehi
120
1 1
1 2
1 3
1 4
1 5
1 6
1 7
1 8
1 9
1 10
1 11
1 12
1 13
1 14
1 15
2 2
2 3
2 4
2 5
2 6
2 7
2 8
2 9
2 10
2 11
2 12
2 13
2 14
2 15
3 3
3 4
3 5
3 6
3 7
3 8
3 9
3 10
3 11
3 12
3 13
3 14
3 15
4 4
4 5
4 6
4 7
4 8
4 9
4 10
4 11
4 12
4 13
4 14
4 15
5 5
5 6
5 7
5 8
5 9
5 10
5 11
5 12
5 13
5 14
5 15
6 6
6 7
6 8
6 9
6 10
6 11
6 12
6 13
6 14
6 15
7 7
7 8
7 9
7 10
7 11
7 12
7 13
7 14
7 15
8 8
8 9
8 10
8 11
8 12
8 13
8 14
8 15
9 9
9 10
9 11
9 12
9 13
9 14
9 15
10 10
10 11
10 12
10 13
10 14
10 15
11 11
11 12
11 13
11 14
11 15
12 12
12 13
12 14
12 15
13 13
13 14
13 15
14 14
14 15
15 15
dfbcabgeagbijie
120
1 1
1 2
1 3
1 4
1 5
1 6
1 7
1 8
1 9
1 10
1 11
1 12
1 13
1 14
1 15
2 2
2 3
2 4
2 5
2 6
2 7
2 8
2 9
2 10
2 11
2 12
2 13
2 14
2 15
3 3
3 4
3 5
3 6
3 7
3 8
3 9
3 10
3 11
3 12
3 13
3 14
3 15
4 4
4 5
4 6
4 7
4 8
4 9
4 10
4 11
4 12
4 13
4 14
4 15
5 5
5 6
5 7
5 8
5 9
5 10
5 11
5 12
5 13
5 14
5 15
6 6
6 7
6 8
6 9
6 10
6 11
6 12
6 13
6 14
6 15
7 7
7 8
7 9
7 10
7 11
7 12
7 13
7 14
7 15
8 8
8 9
8 10
8 11
8 12
8 13
8 14
8 15
9 9
9 10
9 11
9 12
9 13
9 14
9 15
10 10
10 11
10 12
10 13
10 14
10 15
11 11
11 12
11 13
11 14
11 15
12 12
12 13
12 14
12 15
13 13
13 14
13 15
14 14
14 15
15 15
bedjiiaihhididh
120
1 1
1 2
1 3
1 4
1 5
1 6
1 7
1 8
1 9
1 10
1 11
1 12
1 13
1 14
1 15
2 2
2 3
2 4
2 5
2 6
2 7
2 8
2 9
2 10
2 11
2 12
2 13
2 14
2 15
3 3
3 4
3 5
3 6
3 7
3 8
3 9
3 10
3 11
3 12
3 13
3 14
3 15
4 4
4 5
4 6
4 7
4 8
4 9
4 10
4 11
4 12
4 13
4 14
4 15
5 5
5 6
5 7
5 8
5 9
5 10
5 11
5 12
5 13
5 14
5 15
6 6
6 7
6 8
6 9
6 10
6 11
6 12
6 13
6 14
6 15
7 7
7 8
7 9
7 10
7 11
7 12
7 13
7 14
7 15
8 8
8 9
8 10
8 11
8 12
8 13
8 14
8 15
9 9
9 10
9 11
9 12
9 13
9 14
9 15
10 10
10 11
10 12
10 13
10 14
10 15
11 11
11 12
11 13
11 14
11 15
12 12
12 13
12 14
12 15
13 13
13 14
13 15
14 14
14 15
15 15
bahdejgfbajjgid
120
1 1
1 2
1 3
1 4
1 5
1 6
1 7
1 8
1 9
1 10
1 11
1 12
1 13
1 14
1 15
2 2
2 3
2 4
2 5
2 6
2 7
2 8
2 9
2 10
2 11
2 12
2 13
2 14
2 15
3 3
3 4
3 5
3 6
3 7
3 8
3 9
3 10
3 11
3 12
3 13
3 14
3 15
4 4
4 5
4 6
4 7
4 8
4 9
4 10
4 11
4 12
4 13
4 14
4 15
5 5
5 6
5 7
5 8
5 9
5 10
5 11
5 12
5 13
5 14
5 15
6 6
6 7
6 8
6 9
6 10
6 11
6 12
6 13
6 14
6 15
7 7
7 8
7 9
7 10
7 11
7 12
7 13
7 14
7 15
8 8
8 9
8 10
8 11
8 12
8 13
8 14
8 15
9 9
9 10
9 11
9 12
9 13
9 14
9 15
10 10
10 11
10 12
10 13
10 14
10 15
11 11
11 12
11 13
11 14
11 15
12 12
12 13
12 14
12 15
13 13
13 14
13 15
14 14
14 15
15 15
eiejjcffdddhedi
120
1 1
1 2
1 3
1 4
1 5
1 6
1 7
1 8
1 9
1 10
1 11
1 12
1 13
1 14
1 15
2 2
2 3
2 4
2 5
2 6
2 7
2 8
2 9
2 10
2 11
2 12
2 13
2 14
2 15
3 3
3 4
3 5
3 6
3 7
3 8
3 9
3 10
3 11
3 12
3 13
3 14
3 15
4 4
4 5
4 6
4 7
4 8
4 9
4 10
4 11
4 12
4 13
4 14
4 15
5 5
5 6
5 7
5 8
5 9
5 10
5 11
5 12
5 13
5 14
5 15
6 6
6 7
6 8
6 9
6 10
6 11
6 12
6 13
6 14
6 15
7 7
7 8
7 9
7 10
7 11
7 12
7 13
7 14
7 15
8 8
8 9
8 10
8 11
8 12
8 13
8 14
8 15
9 9
9 10
9 11
9 12
9 13
9 14
9 15
10 10
10 11
10 12
10 13
10 14
10 15
11 11
11 12
11 13
11 14
11 15
12 12
12 13
12 14
12 15
13 13
13 14
13 15
14 14
14 15
15 15
aiiagibjijhccic
120
1 1
1 2
1 3
1 4
1 5
1 6
1 7
1 8
1 9
1 10
1 11
1 12
1 13
1 14
1 15
2 2
2 3
2 4
2 5
2 6
2 7
2 8
2 9
2 10
2 11
2 12
2 13
2 14
2 15
3 3
3 4
3 5
3 6
3 7
3 8
3 9
3 10
3 11
3 12
3 13
3 14
3 15
4 4
4 5
4 6
4 7
4 8
4 9
4 10
4 11
4 12
4 13
4 14
4 15
5 5
5 6
5 7
5 8
5 9
5 10
5 11
5 12
5 13
5 14
5 15
6 6
6 7
6 8
6 9
6 10
6 11
6 12
6 13
6 14
6 15
7 7
7 8
7 9
7 10
7 11
7 12
7 13
7 14
7 15
8 8
8 9
8 10
8 11
8 12
8 13
8 14
8 15
9 9
9 10
9 11
9 12
9 13
9 14
9 15
10 10
10 11
10 12
10 13
10 14
10 15
11 11
11 12
11 13
11 14
11 15
12 12
12 13
12 14
12 15
13 13
13 14
13 15
14 14
14 15
15 15
ijahibfigbcecfi
120
1 1
1 2
1 3
1 4
1 5
1 6
1 7
1 8
1 9
1 10
1 11
1 12
1 13
1 14
1 15
2 2
2 3
2 4
2 5
2 6
2 7
2 8
2 9
2 10
2 11
2 12
2 13
2 14
2 15
3 3
3 4
3 5
3 6
3 7
3 8
3 9
3 10
3 11
3 12
3 13
3 14
3 15
4 4
4 5
4 6
4 7
4 8
4 9
4 10
4 11
4 12
4 13
4 14
4 15
5 5
5 6
5 7
5 8
5 9
5 10
5 11
5 12
5 13
5 14
5 15
6 6
6 7
6 8
6 9
6 10
6 11
6 12
6 13
6 14
6 15
7 7
7 8
7 9
7 10
7 11
7 12
7 13
7 14
7 15
8 8
8 9
8 10
8 11
8 12
8 13
8 14
8 15
9 9
9 10
9 11
9 12
9 13
9 14
9 15
10 10
10 11
10 12
10 13
10 14
10 15
11 11
11 12
11 13
11 14
11 15
12 12
12 13
12 14
12 15
13 13
13 14
13 15
14 14
14 15
15 15
gcgfdjcegbicbbj
120
1 1
1 2
1 3
1 4
1 5
1 6
1 7
1 8
1 9
1 10
1 11
1 12
1 13
1 14
1 15
2 2
2 3
2 4
2 5
2 6
2 7
2 8
2 9
2 10
2 11
2 12
2 13
2 14
2 15
3 3
3 4
3 5
3 6
3 7
3 8
3 9
3 10
3 11
3 12
3 13
3 14
3 15
4 4
4 5
4 6
4 7
4 8
4 9
4 10
4 11
4 12
4 13
4 14
4 15
5 5
5 6
5 7
5 8
5 9
5 10
5 11
5 12
5 13
5 14
5 15
6 6
6 7
6 8
6 9
6 10
6 11
6 12
6 13
6 14
6 15
7 7
7 8
7 9
7 10
7 11
7 12
7 13
7 14
7 15
8 8
8 9
8 10
8 11
8 12
8 13
8 14
8 15
9 9
9 10
9 11
9 12
9 13
9 14
9 15
10 10
10 11
10 12
10 13
10 14
10 15
11 11
11 12
11 13
11 14
11 15
12 12
12 13
12 14
12 15
13 13
13 14
13 15
14 14
14 15
15 15
hgcjfcaadjbibjf
120
1 1
1 2
1 3
1 4
1 5
1 6
1 7
1 8
1 9
1 10
1 11
1 12
1 13
1 14
1 15
2 2
2 3
2 4
2 5
2 6
2 7
2 8
2 9
2 10
2 11
2 12
2 13
2 14
2 15
3 3
3 4
3 5
3 6
3 7
3 8
3 9
3 10
3 11
3 12
3 13
3 14
3 15
4 4
4 5
4 6
4 7
4 8
4 9
4 10
4 11
4 12
4 13
4 14
4 15
5 5
5 6
5 7
5 8
5 9
5 10
5 11
5 12
5 13
5 14
5 15
6 6
6 7
6 8
6 9
6 10
6 11
6 12
6 13
6 14
6 15
7 7
7 8
7 9
7 10
7 11
7 12
7 13
7 14
7 15
8 8
8 9
8 10
8 11
8 12
8 13
8 14
8 15
9 9
9 10
9 11
9 12
9 13
9 14
9 15
10 10
10 11
10 12
10 13
10 14
10 15
11 11
11 12
11 13
11 14
11 15
12 12
12 13
12 14
12 15
13 13
13 14
13 15
14 14
14 15
15 15
dcfcfighhccjebj
120
1 1
1 2
1 3
1 4
1 5
1 6
1 7
1 8
1 9
1 10
1 11
1 12
1 13
1 14
1 15
2 2
2 3
2 4
2 5
2 6
2 7
2 8
2 9
2 10
2 11
2 12
2 13
2 14
2 15
3 3
3 4
3 5
3 6
3 7
3 8
3 9
3 10
3 11
3 12
3 13
3 14
3 15
4 4
4 5
4 6
4 7
4 8
4 9
4 10
4 11
4 12
4 13
4 14
4 15
5 5
5 6
5 7
5 8
5 9
5 10
5 11
5 12
5 13
5 14
5 15
6 6
6 7
6 8
6 9
6 10
6 11
6 12
6 13
6 14
6 15
7 7
7 8
7 9
7 10
7 11
7 12
7 13
7 14
7 15
8 8
8 9
8 10
8 11
8 12
8 13
8 14
8 15
9 9
9 10
9 11
9 12
9 13
9 14
9 15
10 10
10 11
10 12
10 13
10 14
10 15
11 11
11 12
11 13
11 14
11 15
12 12
12 13
12 14
12 15
13 13
13 14
13 15
14 14
14 15
15 15
