50
3000000 100 100 100 100
3000000 100 100 100 100
3000000 100 100 100 100
3000000 100 100 100 100
3000000 100 100 100 100
3000000 100 100 100 100
3000000 100 100 100 100
3000000 100 100 100 100
3000000 100 100 100 100
3000000 100 100 100 100
3000000 100 100 100 100
3000000 100 100 100 100
3000000 100 100 100 100
3000000 100 100 100 100
3000000 100 100 100 100
3000000 100 100 100 100
3000000 100 100 100 100
3000000 100 100 100 100
3000000 100 100 100 100
3000000 100 100 100 100
3000000 100 100 100 100
3000000 100 100 100 100
3000000 100 100 100 100
3000000 100 100 100 100
3000000 100 100 100 100
3000000 100 100 100 100
3000000 100 100 100 100
3000000 100 100 100 100
3000000 100 100 100 100
3000000 100 100 100 100
3000000 100 100 100 100
3000000 100 100 100 100
3000000 100 100 100 100
3000000 100 100 100 100
3000000 100 100 100 100
3000000 100 100 100 100
3000000 100 100 100 100
3000000 100 100 100 100
3000000 100 100 100 100
3000000 100 100 100 100
3000000 100 100 100 100
3000000 100 100 100 100
3000000 100 100 100 100
3000000 100 100 100 100
3000000 100 100 100 100
3000000 100 100 100 100
3000000 100 100 100 100
3000000 100 100 100 100
3000000 100 100 100 100
3000000 100 100 100 100
